  -1.6311596e-04  -1.3921663e+00   0.0000000e+00   1.0000000e+00
  -1.4972687e-04  -1.3782301e+00   0.0000000e+00   9.9000000e-01
  -1.3367562e-04  -1.3642970e+00   0.0000000e+00   9.8000000e-01
  -1.1569674e-04  -1.3503676e+00   0.0000000e+00   9.7000000e-01
  -9.6609398e-05  -1.3364421e+00   0.0000000e+00   9.6000000e-01
  -7.7281999e-05  -1.3225208e+00   0.0000000e+00   9.5000000e-01
  -5.8589882e-05  -1.3086035e+00   0.0000000e+00   9.4000000e-01
  -4.1378333e-05  -1.2946901e+00   0.0000000e+00   9.3000000e-01
  -2.6422156e-05  -1.2807801e+00   0.0000000e+00   9.2000000e-01
  -1.4394222e-05  -1.2668730e+00   0.0000000e+00   9.1000000e-01
  -5.8331473e-06  -1.2529681e+00   0.0000000e+00   9.0000000e-01
  -1.1230348e-06  -1.2390646e+00   0.0000000e+00   8.9000000e-01
  -4.7366358e-07  -1.2251617e+00   0.0000000e+00   8.8000000e-01
  -3.9149990e-06  -1.2112585e+00   0.0000000e+00   8.7000000e-01
  -1.1292161e-05  -1.1973541e+00   0.0000000e+00   8.6000000e-01
  -2.2276055e-05  -1.1834478e+00   0.0000000e+00   8.5000000e-01
  -3.6373306e-05  -1.1695388e+00   0.0000000e+00   8.4000000e-01
  -5.2951955e-05  -1.1556265e+00   0.0000000e+00   8.3000000e-01
  -7.1264515e-05  -1.1417105e+00   0.0000000e+00   8.2000000e-01
  -9.0485440e-05  -1.1277904e+00   0.0000000e+00   8.1000000e-01
  -1.0974326e-04  -1.1138663e+00   0.0000000e+00   8.0000000e-01
  -1.2816446e-04  -1.0999381e+00   0.0000000e+00   7.9000000e-01
  -1.4490870e-04  -1.0860061e+00   0.0000000e+00   7.8000000e-01
  -1.5921216e-04  -1.0720708e+00   0.0000000e+00   7.7000000e-01
  -1.7041868e-04  -1.0581328e+00   0.0000000e+00   7.6000000e-01
  -1.7801501e-04  -1.0441927e+00   0.0000000e+00   7.5000000e-01
  -1.8165105e-04  -1.0302515e+00   0.0000000e+00   7.4000000e-01
  -1.8116045e-04  -1.0163099e+00   0.0000000e+00   7.3000000e-01
  -1.7656491e-04  -1.0023688e+00   0.0000000e+00   7.2000000e-01
  -1.6807662e-04  -9.8842914e-01   0.0000000e+00   7.1000000e-01
  -1.5608483e-04  -9.7449169e-01   0.0000000e+00   7.0000000e-01
  -1.4114032e-04  -9.6055713e-01   0.0000000e+00   6.9000000e-01
  -1.2392647e-04  -9.4662603e-01   0.0000000e+00   6.8000000e-01
  -1.0522984e-04  -9.3269878e-01   0.0000000e+00   6.7000000e-01
  -8.5900924e-05  -9.1877560e-01   0.0000000e+00   6.6000000e-01
  -6.6817637e-05  -9.0485654e-01   0.0000000e+00   6.5000000e-01
  -4.8842778e-05  -8.9094144e-01   0.0000000e+00   6.4000000e-01
  -3.2787927e-05  -8.7702998e-01   0.0000000e+00   6.3000000e-01
  -1.9374697e-05  -8.6312166e-01   0.0000000e+00   6.2000000e-01
  -9.2058856e-06  -8.4921586e-01   0.0000000e+00   6.1000000e-01
  -2.7362675e-06  -8.3531183e-01   0.0000000e+00   6.0000000e-01
  -2.5615103e-07  -8.2140876e-01   0.0000000e+00   5.9000000e-01
  -1.8755078e-06  -8.0750578e-01   0.0000000e+00   5.8000000e-01
  -7.5229129e-06  -7.9360202e-01   0.0000000e+00   5.7000000e-01
  -1.6944719e-05  -7.7969666e-01   0.0000000e+00   5.6000000e-01
  -2.9720034e-05  -7.6578893e-01   0.0000000e+00   5.5000000e-01
  -4.5274578e-05  -7.5187817e-01   0.0000000e+00   5.4000000e-01
  -6.2910058e-05  -7.3796387e-01   0.0000000e+00   5.3000000e-01
  -8.1830186e-05  -7.2404566e-01   0.0000000e+00   5.2000000e-01
  -1.0118061e-04  -7.1012336e-01   0.0000000e+00   5.1000000e-01
  -1.2008250e-04  -6.9619695e-01   0.0000000e+00   5.0000000e-01
  -1.3767706e-04  -6.8226664e-01   0.0000000e+00   4.9000000e-01
  -1.5316034e-04  -6.6833277e-01   0.0000000e+00   4.8000000e-01
  -1.6582510e-04  -6.5439587e-01   0.0000000e+00   4.7000000e-01
  -1.7508957e-04  -6.4045662e-01   0.0000000e+00   4.6000000e-01
  -1.8052922e-04  -6.2651579e-01   0.0000000e+00   4.5000000e-01
  -1.8189294e-04  -6.1257422e-01   0.0000000e+00   4.4000000e-01
  -1.7911885e-04  -5.9863281e-01   0.0000000e+00   4.3000000e-01
  -1.7233379e-04  -5.8469242e-01   0.0000000e+00   4.2000000e-01
  -1.6185042e-04  -5.7075389e-01   0.0000000e+00   4.1000000e-01
  -1.4814930e-04  -5.5681796e-01   0.0000000e+00   4.0000000e-01
  -1.3185888e-04  -5.4288526e-01   0.0000000e+00   3.9000000e-01
  -1.1372316e-04  -5.2895624e-01   0.0000000e+00   3.8000000e-01
  -9.4569446e-05  -5.1503123e-01   0.0000000e+00   3.7000000e-01
  -7.5267626e-05  -5.0111033e-01   0.0000000e+00   3.6000000e-01
  -5.6692881e-05  -4.8719349e-01   0.0000000e+00   3.5000000e-01
  -3.9683606e-05  -4.7328045e-01   0.0000000e+00   3.4000000e-01
  -2.5006653e-05  -4.5937080e-01   0.0000000e+00   3.3000000e-01
  -1.3320728e-05  -4.4546396e-01   0.0000000e+00   3.2000000e-01
  -5.1505471e-06  -4.3155924e-01   0.0000000e+00   3.1000000e-01
  -8.6101640e-07  -4.1765584e-01   0.0000000e+00   3.0000000e-01
  -6.4484895e-07  -4.0375293e-01   0.0000000e+00   2.9000000e-01
  -4.5107688e-06  -3.8984962e-01   0.0000000e+00   2.8000000e-01
  -1.2286891e-05  -3.7594508e-01   0.0000000e+00   2.7000000e-01
  -2.3624124e-05  -3.6203849e-01   0.0000000e+00   2.6000000e-01
  -3.8015347e-05  -3.4812916e-01   0.0000000e+00   2.5000000e-01
  -5.4812997e-05  -3.3421650e-01   0.0000000e+00   2.4000000e-01
  -7.3261807e-05  -3.2030008e-01   0.0000000e+00   2.3000000e-01
  -9.2527510e-05  -3.0637962e-01   0.0000000e+00   2.2000000e-01
  -1.1173865e-04  -2.9245504e-01   0.0000000e+00   2.1000000e-01
  -1.3002123e-04  -2.7852643e-01   0.0000000e+00   2.0000000e-01
  -1.4654326e-04  -2.6459410e-01   0.0000000e+00   1.9000000e-01
  -1.6054863e-04  -2.5065848e-01   0.0000000e+00   1.8000000e-01
  -1.7139683e-04  -2.3672019e-01   0.0000000e+00   1.7000000e-01
  -1.7858891e-04  -2.2277996e-01   0.0000000e+00   1.6000000e-01
  -1.8179524e-04  -2.0883862e-01   0.0000000e+00   1.5000000e-01
  -1.8086741e-04  -1.9489702e-01   0.0000000e+00   1.4000000e-01
  -1.7584896e-04  -1.8095607e-01   0.0000000e+00   1.3000000e-01
  -1.6696990e-04  -1.6701661e-01   0.0000000e+00   1.2000000e-01
  -1.5463886e-04  -1.5307944e-01   0.0000000e+00   1.1000000e-01
  -1.3942069e-04  -1.3914522e-01   0.0000000e+00   1.0000000e-01
  -1.2201244e-04  -1.2521451e-01   0.0000000e+00   9.0000000e-02
  -1.0320802e-04  -1.1128768e-01   0.0000000e+00   8.0000000e-02
  -8.3863845e-05  -9.7364943e-02   0.0000000e+00   7.0000000e-02
  -6.4856942e-05  -8.3446306e-02   0.0000000e+00   6.0000000e-02
  -4.7047702e-05  -6.9531610e-02   0.0000000e+00   5.0000000e-02
  -3.1238632e-05  -5.5620502e-02   0.0000000e+00   4.0000000e-02
  -1.8141515e-05  -4.1712484e-02   0.0000000e+00   3.0000000e-02
  -8.3433297e-06  -2.7806904e-02   0.0000000e+00   2.0000000e-02
  -2.2837747e-06  -1.3903019e-02   0.0000000e+00   1.0000000e-02
   0.0000000e+00   0.0000000e+00   0.0000000e+00   0.0000000e+00
  -2.2837747e-06   1.3903019e-02   0.0000000e+00  -1.0000000e-02
  -8.3433297e-06   2.7806904e-02   0.0000000e+00  -2.0000000e-02
  -1.8141515e-05   4.1712484e-02   0.0000000e+00  -3.0000000e-02
  -3.1238632e-05   5.5620502e-02   0.0000000e+00  -4.0000000e-02
  -4.7047702e-05   6.9531610e-02   0.0000000e+00  -5.0000000e-02
  -6.4856942e-05   8.3446306e-02   0.0000000e+00  -6.0000000e-02
  -8.3863845e-05   9.7364943e-02   0.0000000e+00  -7.0000000e-02
  -1.0320802e-04   1.1128768e-01   0.0000000e+00  -8.0000000e-02
  -1.2201244e-04   1.2521451e-01   0.0000000e+00  -9.0000000e-02
  -1.3942069e-04   1.3914522e-01   0.0000000e+00  -1.0000000e-01
  -1.5463886e-04   1.5307944e-01   0.0000000e+00  -1.1000000e-01
  -1.6696990e-04   1.6701661e-01   0.0000000e+00  -1.2000000e-01
  -1.7584896e-04   1.8095607e-01   0.0000000e+00  -1.3000000e-01
  -1.8086741e-04   1.9489702e-01   0.0000000e+00  -1.4000000e-01
  -1.8179524e-04   2.0883862e-01   0.0000000e+00  -1.5000000e-01
  -1.7858891e-04   2.2277996e-01   0.0000000e+00  -1.6000000e-01
  -1.7139683e-04   2.3672019e-01   0.0000000e+00  -1.7000000e-01
  -1.6054863e-04   2.5065848e-01   0.0000000e+00  -1.8000000e-01
  -1.4654326e-04   2.6459410e-01   0.0000000e+00  -1.9000000e-01
  -1.3002123e-04   2.7852643e-01   0.0000000e+00  -2.0000000e-01
  -1.1173865e-04   2.9245504e-01   0.0000000e+00  -2.1000000e-01
  -9.2527510e-05   3.0637962e-01   0.0000000e+00  -2.2000000e-01
  -7.3261807e-05   3.2030008e-01   0.0000000e+00  -2.3000000e-01
  -5.4812997e-05   3.3421650e-01   0.0000000e+00  -2.4000000e-01
  -3.8015347e-05   3.4812916e-01   0.0000000e+00  -2.5000000e-01
  -2.3624124e-05   3.6203849e-01   0.0000000e+00  -2.6000000e-01
  -1.2286891e-05   3.7594508e-01   0.0000000e+00  -2.7000000e-01
  -4.5107688e-06   3.8984962e-01   0.0000000e+00  -2.8000000e-01
  -6.4484895e-07   4.0375293e-01   0.0000000e+00  -2.9000000e-01
  -8.6101640e-07   4.1765584e-01   0.0000000e+00  -3.0000000e-01
  -5.1505471e-06   4.3155924e-01   0.0000000e+00  -3.1000000e-01
  -1.3320728e-05   4.4546396e-01   0.0000000e+00  -3.2000000e-01
  -2.5006653e-05   4.5937080e-01   0.0000000e+00  -3.3000000e-01
  -3.9683606e-05   4.7328045e-01   0.0000000e+00  -3.4000000e-01
  -5.6692881e-05   4.8719349e-01   0.0000000e+00  -3.5000000e-01
  -7.5267626e-05   5.0111033e-01   0.0000000e+00  -3.6000000e-01
  -9.4569446e-05   5.1503123e-01   0.0000000e+00  -3.7000000e-01
  -1.1372316e-04   5.2895624e-01   0.0000000e+00  -3.8000000e-01
  -1.3185888e-04   5.4288526e-01   0.0000000e+00  -3.9000000e-01
  -1.4814930e-04   5.5681796e-01   0.0000000e+00  -4.0000000e-01
  -1.6185042e-04   5.7075389e-01   0.0000000e+00  -4.1000000e-01
  -1.7233379e-04   5.8469242e-01   0.0000000e+00  -4.2000000e-01
  -1.7911885e-04   5.9863281e-01   0.0000000e+00  -4.3000000e-01
  -1.8189294e-04   6.1257422e-01   0.0000000e+00  -4.4000000e-01
  -1.8052922e-04   6.2651579e-01   0.0000000e+00  -4.5000000e-01
  -1.7508957e-04   6.4045662e-01   0.0000000e+00  -4.6000000e-01
  -1.6582510e-04   6.5439587e-01   0.0000000e+00  -4.7000000e-01
  -1.5316034e-04   6.6833277e-01   0.0000000e+00  -4.8000000e-01
  -1.3767706e-04   6.8226664e-01   0.0000000e+00  -4.9000000e-01
  -1.2008250e-04   6.9619695e-01   0.0000000e+00  -5.0000000e-01
  -1.0118061e-04   7.1012336e-01   0.0000000e+00  -5.1000000e-01
  -8.1830186e-05   7.2404566e-01   0.0000000e+00  -5.2000000e-01
  -6.2910058e-05   7.3796387e-01   0.0000000e+00  -5.3000000e-01
  -4.5274578e-05   7.5187817e-01   0.0000000e+00  -5.4000000e-01
  -2.9720034e-05   7.6578893e-01   0.0000000e+00  -5.5000000e-01
  -1.6944719e-05   7.7969666e-01   0.0000000e+00  -5.6000000e-01
  -7.5229129e-06   7.9360202e-01   0.0000000e+00  -5.7000000e-01
  -1.8755078e-06   8.0750578e-01   0.0000000e+00  -5.8000000e-01
  -2.5615103e-07   8.2140876e-01   0.0000000e+00  -5.9000000e-01
  -2.7362675e-06   8.3531183e-01   0.0000000e+00  -6.0000000e-01
  -9.2058856e-06   8.4921586e-01   0.0000000e+00  -6.1000000e-01
  -1.9374697e-05   8.6312166e-01   0.0000000e+00  -6.2000000e-01
  -3.2787927e-05   8.7702998e-01   0.0000000e+00  -6.3000000e-01
  -4.8842778e-05   8.9094144e-01   0.0000000e+00  -6.4000000e-01
  -6.6817637e-05   9.0485654e-01   0.0000000e+00  -6.5000000e-01
  -8.5900924e-05   9.1877560e-01   0.0000000e+00  -6.6000000e-01
  -1.0522984e-04   9.3269878e-01   0.0000000e+00  -6.7000000e-01
  -1.2392647e-04   9.4662603e-01   0.0000000e+00  -6.8000000e-01
  -1.4114032e-04   9.6055713e-01   0.0000000e+00  -6.9000000e-01
  -1.5608483e-04   9.7449169e-01   0.0000000e+00  -7.0000000e-01
  -1.6807662e-04   9.8842914e-01   0.0000000e+00  -7.1000000e-01
  -1.7656491e-04   1.0023688e+00   0.0000000e+00  -7.2000000e-01
  -1.8116045e-04   1.0163099e+00   0.0000000e+00  -7.3000000e-01
  -1.8165105e-04   1.0302515e+00   0.0000000e+00  -7.4000000e-01
  -1.7801501e-04   1.0441927e+00   0.0000000e+00  -7.5000000e-01
  -1.7041868e-04   1.0581328e+00   0.0000000e+00  -7.6000000e-01
  -1.5921216e-04   1.0720708e+00   0.0000000e+00  -7.7000000e-01
  -1.4490870e-04   1.0860061e+00   0.0000000e+00  -7.8000000e-01
  -1.2816446e-04   1.0999381e+00   0.0000000e+00  -7.9000000e-01
  -1.0974326e-04   1.1138663e+00   0.0000000e+00  -8.0000000e-01
  -9.0485440e-05   1.1277904e+00   0.0000000e+00  -8.1000000e-01
  -7.1264515e-05   1.1417105e+00   0.0000000e+00  -8.2000000e-01
  -5.2951955e-05   1.1556265e+00   0.0000000e+00  -8.3000000e-01
  -3.6373306e-05   1.1695388e+00   0.0000000e+00  -8.4000000e-01
  -2.2276055e-05   1.1834478e+00   0.0000000e+00  -8.5000000e-01
  -1.1292161e-05   1.1973541e+00   0.0000000e+00  -8.6000000e-01
  -3.9149990e-06   1.2112585e+00   0.0000000e+00  -8.7000000e-01
  -4.7366358e-07   1.2251617e+00   0.0000000e+00  -8.8000000e-01
  -1.1230348e-06   1.2390646e+00   0.0000000e+00  -8.9000000e-01
  -5.8331473e-06   1.2529681e+00   0.0000000e+00  -9.0000000e-01
  -1.4394222e-05   1.2668730e+00   0.0000000e+00  -9.1000000e-01
  -2.6422156e-05   1.2807801e+00   0.0000000e+00  -9.2000000e-01
  -4.1378333e-05   1.2946901e+00   0.0000000e+00  -9.3000000e-01
  -5.8589882e-05   1.3086035e+00   0.0000000e+00  -9.4000000e-01
  -7.7281999e-05   1.3225208e+00   0.0000000e+00  -9.5000000e-01
  -9.6609398e-05   1.3364421e+00   0.0000000e+00  -9.6000000e-01
  -1.1569674e-04   1.3503676e+00   0.0000000e+00  -9.7000000e-01
  -1.3367562e-04   1.3642970e+00   0.0000000e+00  -9.8000000e-01
  -1.4972687e-04   1.3782301e+00   0.0000000e+00  -9.9000000e-01
  -1.6311596e-04   1.3921663e+00   0.0000000e+00  -1.0000000e+00
