  -5.5712882e-01   0.0000000e+00   0.0000000e+00   1.0000000e+00
  -5.4162729e-01   0.0000000e+00   0.0000000e+00   9.9000000e-01
  -5.2633754e-01   0.0000000e+00   0.0000000e+00   9.8000000e-01
  -5.1125959e-01   0.0000000e+00   0.0000000e+00   9.7000000e-01
  -4.9639343e-01   0.0000000e+00   0.0000000e+00   9.6000000e-01
  -4.8173907e-01   0.0000000e+00   0.0000000e+00   9.5000000e-01
  -4.6729651e-01   0.0000000e+00   0.0000000e+00   9.4000000e-01
  -4.5306576e-01   0.0000000e+00   0.0000000e+00   9.3000000e-01
  -4.3904682e-01   0.0000000e+00   0.0000000e+00   9.2000000e-01
  -4.2523968e-01   0.0000000e+00   0.0000000e+00   9.1000000e-01
  -4.1164433e-01   0.0000000e+00   0.0000000e+00   9.0000000e-01
  -3.9826079e-01   0.0000000e+00   0.0000000e+00   8.9000000e-01
  -3.8508903e-01   0.0000000e+00   0.0000000e+00   8.8000000e-01
  -3.7212906e-01   0.0000000e+00   0.0000000e+00   8.7000000e-01
  -3.5938086e-01   0.0000000e+00   0.0000000e+00   8.6000000e-01
  -3.4684441e-01   0.0000000e+00   0.0000000e+00   8.5000000e-01
  -3.3451971e-01   0.0000000e+00   0.0000000e+00   8.4000000e-01
  -3.2240673e-01   0.0000000e+00   0.0000000e+00   8.3000000e-01
  -3.1050546e-01   0.0000000e+00   0.0000000e+00   8.2000000e-01
  -2.9881588e-01   0.0000000e+00   0.0000000e+00   8.1000000e-01
  -2.8733796e-01   0.0000000e+00   0.0000000e+00   8.0000000e-01
  -2.7607167e-01   0.0000000e+00   0.0000000e+00   7.9000000e-01
  -2.6501698e-01   0.0000000e+00   0.0000000e+00   7.8000000e-01
  -2.5417385e-01   0.0000000e+00   0.0000000e+00   7.7000000e-01
  -2.4354226e-01   0.0000000e+00   0.0000000e+00   7.6000000e-01
  -2.3312215e-01   0.0000000e+00   0.0000000e+00   7.5000000e-01
  -2.2291348e-01   0.0000000e+00   0.0000000e+00   7.4000000e-01
  -2.1291620e-01   0.0000000e+00   0.0000000e+00   7.3000000e-01
  -2.0313025e-01   0.0000000e+00   0.0000000e+00   7.2000000e-01
  -1.9355558e-01   0.0000000e+00   0.0000000e+00   7.1000000e-01
  -1.8419212e-01   0.0000000e+00   0.0000000e+00   7.0000000e-01
  -1.7503979e-01   0.0000000e+00   0.0000000e+00   6.9000000e-01
  -1.6609852e-01   0.0000000e+00   0.0000000e+00   6.8000000e-01
  -1.5736823e-01   0.0000000e+00   0.0000000e+00   6.7000000e-01
  -1.4884882e-01   0.0000000e+00   0.0000000e+00   6.6000000e-01
  -1.4054020e-01   0.0000000e+00   0.0000000e+00   6.5000000e-01
  -1.3244226e-01   0.0000000e+00   0.0000000e+00   6.4000000e-01
  -1.2455489e-01   0.0000000e+00   0.0000000e+00   6.3000000e-01
  -1.1687795e-01   0.0000000e+00   0.0000000e+00   6.2000000e-01
  -1.0941132e-01   0.0000000e+00   0.0000000e+00   6.1000000e-01
  -1.0215485e-01   0.0000000e+00   0.0000000e+00   6.0000000e-01
  -9.5108381e-02   0.0000000e+00   0.0000000e+00   5.9000000e-01
  -8.8271743e-02   0.0000000e+00   0.0000000e+00   5.8000000e-01
  -8.1644751e-02   0.0000000e+00   0.0000000e+00   5.7000000e-01
  -7.5227208e-02   0.0000000e+00   0.0000000e+00   5.6000000e-01
  -6.9018898e-02   0.0000000e+00   0.0000000e+00   5.5000000e-01
  -6.3019588e-02   0.0000000e+00   0.0000000e+00   5.4000000e-01
  -5.7229027e-02   0.0000000e+00   0.0000000e+00   5.3000000e-01
  -5.1646941e-02   0.0000000e+00   0.0000000e+00   5.2000000e-01
  -4.6273036e-02   0.0000000e+00   0.0000000e+00   5.1000000e-01
  -4.1106991e-02   0.0000000e+00   0.0000000e+00   5.0000000e-01
  -3.6148459e-02   0.0000000e+00   0.0000000e+00   4.9000000e-01
  -3.1397064e-02   0.0000000e+00   0.0000000e+00   4.8000000e-01
  -2.6852396e-02   0.0000000e+00   0.0000000e+00   4.7000000e-01
  -2.2514011e-02   0.0000000e+00   0.0000000e+00   4.6000000e-01
  -1.8381424e-02   0.0000000e+00   0.0000000e+00   4.5000000e-01
  -1.4454109e-02   0.0000000e+00   0.0000000e+00   4.4000000e-01
  -1.0731491e-02   0.0000000e+00   0.0000000e+00   4.3000000e-01
  -7.2129439e-03   0.0000000e+00   0.0000000e+00   4.2000000e-01
  -3.8977822e-03   0.0000000e+00   0.0000000e+00   4.1000000e-01
  -7.8525657e-04   0.0000000e+00   0.0000000e+00   4.0000000e-01
   2.1254535e-03   0.0000000e+00   0.0000000e+00   3.9000000e-01
   4.8352482e-03   0.0000000e+00   0.0000000e+00   3.8000000e-01
   7.3451163e-03   0.0000000e+00   0.0000000e+00   3.7000000e-01
   9.6561452e-03   0.0000000e+00   0.0000000e+00   3.6000000e-01
   1.1769533e-02   0.0000000e+00   0.0000000e+00   3.5000000e-01
   1.3686602e-02   0.0000000e+00   0.0000000e+00   3.4000000e-01
   1.5408813e-02   0.0000000e+00   0.0000000e+00   3.3000000e-01
   1.6937784e-02   0.0000000e+00   0.0000000e+00   3.2000000e-01
   1.8275309e-02   0.0000000e+00   0.0000000e+00   3.1000000e-01
   1.9423383e-02   0.0000000e+00   0.0000000e+00   3.0000000e-01
   2.0384226e-02   0.0000000e+00   0.0000000e+00   2.9000000e-01
   2.1160314e-02   0.0000000e+00   0.0000000e+00   2.8000000e-01
   2.1754415e-02   0.0000000e+00   0.0000000e+00   2.7000000e-01
   2.2165323e-02   0.0000000e+00   0.0000000e+00   2.6000000e-01
   2.2408142e-02   0.0000000e+00   0.0000000e+00   2.5000000e-01
   2.2479502e-02   0.0000000e+00   0.0000000e+00   2.4000000e-01
   2.2383963e-02   0.0000000e+00   0.0000000e+00   2.3000000e-01
   2.2118048e-02   0.0000000e+00   0.0000000e+00   2.2000000e-01
   2.1700648e-02   0.0000000e+00   0.0000000e+00   2.1000000e-01
   2.1133122e-02   0.0000000e+00   0.0000000e+00   2.0000000e-01
   2.0422697e-02   0.0000000e+00   0.0000000e+00   1.9000000e-01
   1.9577578e-02   0.0000000e+00   0.0000000e+00   1.8000000e-01
   1.8607092e-02   0.0000000e+00   0.0000000e+00   1.7000000e-01
   1.7521847e-02   0.0000000e+00   0.0000000e+00   1.6000000e-01
   1.6333899e-02   0.0000000e+00   0.0000000e+00   1.5000000e-01
   1.5056940e-02   0.0000000e+00   0.0000000e+00   1.4000000e-01
   1.3706486e-02   0.0000000e+00   0.0000000e+00   1.3000000e-01
   1.2300062e-02   0.0000000e+00   0.0000000e+00   1.2000000e-01
   1.0857363e-02   0.0000000e+00   0.0000000e+00   1.1000000e-01
   9.4003645e-03   0.0000000e+00   0.0000000e+00   1.0000000e-01
   7.9533522e-03   0.0000000e+00   0.0000000e+00   9.0000000e-02
   6.5428182e-03   0.0000000e+00   0.0000000e+00   8.0000000e-02
   5.1971698e-03   0.0000000e+00   0.0000000e+00   7.0000000e-02
   3.9461934e-03   0.0000000e+00   0.0000000e+00   6.0000000e-02
   2.8202216e-03   0.0000000e+00   0.0000000e+00   5.0000000e-02
   1.8573367e-03   0.0000000e+00   0.0000000e+00   4.0000000e-02
   1.0647183e-03   0.0000000e+00   0.0000000e+00   3.0000000e-02
   4.7944583e-04   0.0000000e+00   0.0000000e+00   2.0000000e-02
   1.2053506e-04   0.0000000e+00   0.0000000e+00   1.0000000e-02
   0.0000000e+00   0.0000000e+00   0.0000000e+00   0.0000000e+00
   1.2053506e-04   0.0000000e+00   0.0000000e+00  -1.0000000e-02
   4.7944583e-04   0.0000000e+00   0.0000000e+00  -2.0000000e-02
   1.0647183e-03   0.0000000e+00   0.0000000e+00  -3.0000000e-02
   1.8573367e-03   0.0000000e+00   0.0000000e+00  -4.0000000e-02
   2.8202216e-03   0.0000000e+00   0.0000000e+00  -5.0000000e-02
   3.9461934e-03   0.0000000e+00   0.0000000e+00  -6.0000000e-02
   5.1971698e-03   0.0000000e+00   0.0000000e+00  -7.0000000e-02
   6.5428182e-03   0.0000000e+00   0.0000000e+00  -8.0000000e-02
   7.9533522e-03   0.0000000e+00   0.0000000e+00  -9.0000000e-02
   9.4003645e-03   0.0000000e+00   0.0000000e+00  -1.0000000e-01
   1.0857363e-02   0.0000000e+00   0.0000000e+00  -1.1000000e-01
   1.2300062e-02   0.0000000e+00   0.0000000e+00  -1.2000000e-01
   1.3706486e-02   0.0000000e+00   0.0000000e+00  -1.3000000e-01
   1.5056940e-02   0.0000000e+00   0.0000000e+00  -1.4000000e-01
   1.6333899e-02   0.0000000e+00   0.0000000e+00  -1.5000000e-01
   1.7521847e-02   0.0000000e+00   0.0000000e+00  -1.6000000e-01
   1.8607092e-02   0.0000000e+00   0.0000000e+00  -1.7000000e-01
   1.9577578e-02   0.0000000e+00   0.0000000e+00  -1.8000000e-01
   2.0422697e-02   0.0000000e+00   0.0000000e+00  -1.9000000e-01
   2.1133122e-02   0.0000000e+00   0.0000000e+00  -2.0000000e-01
   2.1700648e-02   0.0000000e+00   0.0000000e+00  -2.1000000e-01
   2.2118048e-02   0.0000000e+00   0.0000000e+00  -2.2000000e-01
   2.2383963e-02   0.0000000e+00   0.0000000e+00  -2.3000000e-01
   2.2479502e-02   0.0000000e+00   0.0000000e+00  -2.4000000e-01
   2.2408142e-02   0.0000000e+00   0.0000000e+00  -2.5000000e-01
   2.2165323e-02   0.0000000e+00   0.0000000e+00  -2.6000000e-01
   2.1754415e-02   0.0000000e+00   0.0000000e+00  -2.7000000e-01
   2.1160314e-02   0.0000000e+00   0.0000000e+00  -2.8000000e-01
   2.0384226e-02   0.0000000e+00   0.0000000e+00  -2.9000000e-01
   1.9423383e-02   0.0000000e+00   0.0000000e+00  -3.0000000e-01
   1.8275309e-02   0.0000000e+00   0.0000000e+00  -3.1000000e-01
   1.6937784e-02   0.0000000e+00   0.0000000e+00  -3.2000000e-01
   1.5408813e-02   0.0000000e+00   0.0000000e+00  -3.3000000e-01
   1.3686602e-02   0.0000000e+00   0.0000000e+00  -3.4000000e-01
   1.1769533e-02   0.0000000e+00   0.0000000e+00  -3.5000000e-01
   9.6561452e-03   0.0000000e+00   0.0000000e+00  -3.6000000e-01
   7.3451163e-03   0.0000000e+00   0.0000000e+00  -3.7000000e-01
   4.8352482e-03   0.0000000e+00   0.0000000e+00  -3.8000000e-01
   2.1254535e-03   0.0000000e+00   0.0000000e+00  -3.9000000e-01
  -7.8525657e-04   0.0000000e+00   0.0000000e+00  -4.0000000e-01
  -3.8977822e-03   0.0000000e+00   0.0000000e+00  -4.1000000e-01
  -7.2129439e-03   0.0000000e+00   0.0000000e+00  -4.2000000e-01
  -1.0731491e-02   0.0000000e+00   0.0000000e+00  -4.3000000e-01
  -1.4454109e-02   0.0000000e+00   0.0000000e+00  -4.4000000e-01
  -1.8381424e-02   0.0000000e+00   0.0000000e+00  -4.5000000e-01
  -2.2514011e-02   0.0000000e+00   0.0000000e+00  -4.6000000e-01
  -2.6852396e-02   0.0000000e+00   0.0000000e+00  -4.7000000e-01
  -3.1397064e-02   0.0000000e+00   0.0000000e+00  -4.8000000e-01
  -3.6148459e-02   0.0000000e+00   0.0000000e+00  -4.9000000e-01
  -4.1106991e-02   0.0000000e+00   0.0000000e+00  -5.0000000e-01
  -4.6273036e-02   0.0000000e+00   0.0000000e+00  -5.1000000e-01
  -5.1646941e-02   0.0000000e+00   0.0000000e+00  -5.2000000e-01
  -5.7229027e-02   0.0000000e+00   0.0000000e+00  -5.3000000e-01
  -6.3019588e-02   0.0000000e+00   0.0000000e+00  -5.4000000e-01
  -6.9018898e-02   0.0000000e+00   0.0000000e+00  -5.5000000e-01
  -7.5227208e-02   0.0000000e+00   0.0000000e+00  -5.6000000e-01
  -8.1644751e-02   0.0000000e+00   0.0000000e+00  -5.7000000e-01
  -8.8271743e-02   0.0000000e+00   0.0000000e+00  -5.8000000e-01
  -9.5108381e-02   0.0000000e+00   0.0000000e+00  -5.9000000e-01
  -1.0215485e-01   0.0000000e+00   0.0000000e+00  -6.0000000e-01
  -1.0941132e-01   0.0000000e+00   0.0000000e+00  -6.1000000e-01
  -1.1687795e-01   0.0000000e+00   0.0000000e+00  -6.2000000e-01
  -1.2455489e-01   0.0000000e+00   0.0000000e+00  -6.3000000e-01
  -1.3244226e-01   0.0000000e+00   0.0000000e+00  -6.4000000e-01
  -1.4054020e-01   0.0000000e+00   0.0000000e+00  -6.5000000e-01
  -1.4884882e-01   0.0000000e+00   0.0000000e+00  -6.6000000e-01
  -1.5736823e-01   0.0000000e+00   0.0000000e+00  -6.7000000e-01
  -1.6609852e-01   0.0000000e+00   0.0000000e+00  -6.8000000e-01
  -1.7503979e-01   0.0000000e+00   0.0000000e+00  -6.9000000e-01
  -1.8419212e-01   0.0000000e+00   0.0000000e+00  -7.0000000e-01
  -1.9355558e-01   0.0000000e+00   0.0000000e+00  -7.1000000e-01
  -2.0313025e-01   0.0000000e+00   0.0000000e+00  -7.2000000e-01
  -2.1291620e-01   0.0000000e+00   0.0000000e+00  -7.3000000e-01
  -2.2291348e-01   0.0000000e+00   0.0000000e+00  -7.4000000e-01
  -2.3312215e-01   0.0000000e+00   0.0000000e+00  -7.5000000e-01
  -2.4354226e-01   0.0000000e+00   0.0000000e+00  -7.6000000e-01
  -2.5417385e-01   0.0000000e+00   0.0000000e+00  -7.7000000e-01
  -2.6501698e-01   0.0000000e+00   0.0000000e+00  -7.8000000e-01
  -2.7607167e-01   0.0000000e+00   0.0000000e+00  -7.9000000e-01
  -2.8733796e-01   0.0000000e+00   0.0000000e+00  -8.0000000e-01
  -2.9881588e-01   0.0000000e+00   0.0000000e+00  -8.1000000e-01
  -3.1050546e-01   0.0000000e+00   0.0000000e+00  -8.2000000e-01
  -3.2240673e-01   0.0000000e+00   0.0000000e+00  -8.3000000e-01
  -3.3451971e-01   0.0000000e+00   0.0000000e+00  -8.4000000e-01
  -3.4684441e-01   0.0000000e+00   0.0000000e+00  -8.5000000e-01
  -3.5938086e-01   0.0000000e+00   0.0000000e+00  -8.6000000e-01
  -3.7212906e-01   0.0000000e+00   0.0000000e+00  -8.7000000e-01
  -3.8508903e-01   0.0000000e+00   0.0000000e+00  -8.8000000e-01
  -3.9826079e-01   0.0000000e+00   0.0000000e+00  -8.9000000e-01
  -4.1164433e-01   0.0000000e+00   0.0000000e+00  -9.0000000e-01
  -4.2523968e-01   0.0000000e+00   0.0000000e+00  -9.1000000e-01
  -4.3904682e-01   0.0000000e+00   0.0000000e+00  -9.2000000e-01
  -4.5306576e-01   0.0000000e+00   0.0000000e+00  -9.3000000e-01
  -4.6729651e-01   0.0000000e+00   0.0000000e+00  -9.4000000e-01
  -4.8173907e-01   0.0000000e+00   0.0000000e+00  -9.5000000e-01
  -4.9639343e-01   0.0000000e+00   0.0000000e+00  -9.6000000e-01
  -5.1125959e-01   0.0000000e+00   0.0000000e+00  -9.7000000e-01
  -5.2633754e-01   0.0000000e+00   0.0000000e+00  -9.8000000e-01
  -5.4162729e-01   0.0000000e+00   0.0000000e+00  -9.9000000e-01
  -5.5712882e-01   0.0000000e+00   0.0000000e+00  -1.0000000e+00
