  -6.0058197e-01  -2.9102264e-01
  -5.9992557e-01  -2.9139591e-01
  -5.9926990e-01  -2.9176929e-01
  -5.9861495e-01  -2.9214276e-01
  -5.9796073e-01  -2.9251652e-01
  -5.9730723e-01  -2.9288997e-01
  -5.9665445e-01  -2.9326381e-01
  -5.9600239e-01  -2.9363755e-01
  -5.9535104e-01  -2.9401152e-01
  -5.9470042e-01  -2.9438547e-01
  -5.9405050e-01  -2.9475959e-01
  -5.9340130e-01  -2.9513373e-01
  -5.9275281e-01  -2.9550800e-01
  -5.9210503e-01  -2.9588232e-01
  -5.9145796e-01  -2.9625674e-01
  -5.9081159e-01  -2.9663122e-01
  -5.9016593e-01  -2.9700579e-01
  -5.8952097e-01  -2.9738042e-01
  -5.8887669e-01  -2.9775516e-01
  -5.8823316e-01  -2.9812991e-01
  -5.8758996e-01  -2.9850516e-01
  -5.8694813e-01  -2.9887968e-01
  -5.8630666e-01  -2.9925466e-01
  -5.8566589e-01  -2.9962971e-01
  -5.8502497e-01  -3.0000561e-01
  -5.8438641e-01  -3.0038000e-01
  -5.8374716e-01  -3.0075572e-01
  -5.8310968e-01  -3.0113054e-01
  -5.8247201e-01  -3.0150618e-01
  -5.8183570e-01  -3.0188131e-01
  -5.8119973e-01  -3.0225678e-01
  -5.8056444e-01  -3.0263231e-01
  -5.7992983e-01  -3.0300788e-01
  -5.7929590e-01  -3.0338351e-01
  -5.7866253e-01  -3.0375936e-01
  -5.7803007e-01  -3.0413492e-01
  -5.7739805e-01  -3.0451084e-01
  -5.7676692e-01  -3.0488652e-01
  -5.7613635e-01  -3.0526239e-01
  -5.7550645e-01  -3.0563830e-01
  -5.7487722e-01  -3.0601425e-01
  -5.7424865e-01  -3.0639025e-01
  -5.7362075e-01  -3.0676628e-01
  -5.7299350e-01  -3.0714236e-01
  -5.7236692e-01  -3.0751847e-01
  -5.7174100e-01  -3.0789462e-01
  -5.7111518e-01  -3.0827124e-01
  -5.7049112e-01  -3.0864701e-01
  -5.6986716e-01  -3.0902326e-01
  -5.6924385e-01  -3.0939954e-01
  -5.6862120e-01  -3.0977585e-01
  -5.6799920e-01  -3.1015218e-01
  -5.6737784e-01  -3.1052855e-01
  -5.6675713e-01  -3.1090494e-01
  -5.6613632e-01  -3.1128197e-01
  -5.6551764e-01  -3.1165779e-01
  -5.6489886e-01  -3.1203425e-01
  -5.6428072e-01  -3.1241073e-01
  -5.6366322e-01  -3.1278723e-01
  -5.6304636e-01  -3.1316375e-01
  -5.6243013e-01  -3.1354029e-01
  -5.6181454e-01  -3.1391684e-01
  -5.6119958e-01  -3.1429341e-01
  -5.6058525e-01  -3.1467000e-01
  -5.5997155e-01  -3.1504659e-01
  -5.5935848e-01  -3.1542320e-01
  -5.5874604e-01  -3.1579982e-01
  -5.5813422e-01  -3.1617644e-01
  -5.5752280e-01  -3.1655345e-01
  -5.5691245e-01  -3.1692972e-01
  -5.5630250e-01  -3.1730636e-01
  -5.5569317e-01  -3.1768301e-01
  -5.5508446e-01  -3.1805967e-01
  -5.5447636e-01  -3.1843632e-01
  -5.5386888e-01  -3.1881298e-01
  -5.5326201e-01  -3.1918964e-01
  -5.5265576e-01  -3.1956629e-01
  -5.5205011e-01  -3.1994295e-01
  -5.5144500e-01  -3.2031969e-01
  -5.5084065e-01  -3.2069624e-01
  -5.5023678e-01  -3.2107291e-01
  -5.4963361e-01  -3.2144951e-01
  -5.4903094e-01  -3.2182618e-01
  -5.4842899e-01  -3.2220275e-01
  -5.4782754e-01  -3.2257940e-01
  -5.4722676e-01  -3.2295595e-01
  -5.4662612e-01  -3.2333280e-01
  -5.4602693e-01  -3.2370910e-01
  -5.4542718e-01  -3.2408614e-01
  -5.4482948e-01  -3.2446218e-01
  -5.4423165e-01  -3.2483870e-01
  -5.4363440e-01  -3.2521521e-01
  -5.4303736e-01  -3.2559200e-01
  -5.4244168e-01  -3.2596815e-01
  -5.4184618e-01  -3.2634460e-01
  -5.4125130e-01  -3.2672101e-01
  -5.4065698e-01  -3.2709741e-01
  -5.4006326e-01  -3.2747378e-01
  -5.3947010e-01  -3.2785012e-01
  -5.3887754e-01  -3.2822644e-01
  -5.3828554e-01  -3.2860273e-01
  -5.3769413e-01  -3.2897899e-01
  -5.3710328e-01  -3.2935523e-01
  -5.3651302e-01  -3.2973143e-01
  -5.3592332e-01  -3.3010760e-01
  -5.3533421e-01  -3.3048373e-01
  -5.3474565e-01  -3.3085984e-01
  -5.3415767e-01  -3.3123590e-01
  -5.3357024e-01  -3.3161194e-01
  -5.3298340e-01  -3.3198793e-01
  -5.3239710e-01  -3.3236389e-01
  -5.3181139e-01  -3.3273980e-01
  -5.3122622e-01  -3.3311569e-01
  -5.3064163e-01  -3.3349152e-01
  -5.3005757e-01  -3.3386732e-01
  -5.2947410e-01  -3.3424306e-01
  -5.2889116e-01  -3.3461878e-01
  -5.2830880e-01  -3.3499443e-01
  -5.2772697e-01  -3.3537006e-01
  -5.2714572e-01  -3.3574561e-01
  -5.2656499e-01  -3.3612114e-01
  -5.2598484e-01  -3.3649660e-01
  -5.2540521e-01  -3.3687203e-01
  -5.2482615e-01  -3.3724739e-01
  -5.2424762e-01  -3.3762271e-01
  -5.2366964e-01  -3.3799797e-01
  -5.2309221e-01  -3.3837317e-01
  -5.2251531e-01  -3.3874833e-01
  -5.2193858e-01  -3.3912360e-01
  -5.2136314e-01  -3.3949846e-01
  -5.2078738e-01  -3.3987367e-01
  -5.2021313e-01  -3.4024837e-01
  -5.1963885e-01  -3.4062327e-01
  -5.1906525e-01  -3.4099803e-01
  -5.1849210e-01  -3.4137278e-01
  -5.1791951e-01  -3.4174744e-01
  -5.1734743e-01  -3.4212206e-01
  -5.1677589e-01  -3.4249660e-01
  -5.1620487e-01  -3.4287108e-01
  -5.1563438e-01  -3.4324549e-01
  -5.1506441e-01  -3.4361984e-01
  -5.1449497e-01  -3.4399411e-01
  -5.1392605e-01  -3.4436832e-01
  -5.1335765e-01  -3.4474245e-01
  -5.1278977e-01  -3.4511652e-01
  -5.1222241e-01  -3.4549051e-01
  -5.1165557e-01  -3.4586443e-01
  -5.1108925e-01  -3.4623827e-01
  -5.1052344e-01  -3.4661203e-01
  -5.0995815e-01  -3.4698572e-01
  -5.0939337e-01  -3.4735934e-01
  -5.0882910e-01  -3.4773287e-01
  -5.0826534e-01  -3.4810632e-01
  -5.0770209e-01  -3.4847970e-01
  -5.0713934e-01  -3.4885299e-01
  -5.0657711e-01  -3.4922620e-01
  -5.0601538e-01  -3.4959933e-01
  -5.0545416e-01  -3.4997237e-01
  -5.0489343e-01  -3.5034533e-01
  -5.0433321e-01  -3.5071820e-01
  -5.0377350e-01  -3.5109099e-01
  -5.0321428e-01  -3.5146369e-01
  -5.0265556e-01  -3.5183629e-01
  -5.0209733e-01  -3.5220881e-01
  -5.0153961e-01  -3.5258124e-01
  -5.0098238e-01  -3.5295358e-01
  -5.0042564e-01  -3.5332582e-01
  -4.9986939e-01  -3.5369797e-01
  -4.9931364e-01  -3.5407003e-01
  -4.9875838e-01  -3.5444199e-01
  -4.9820360e-01  -3.5481385e-01
  -4.9764932e-01  -3.5518562e-01
  -4.9709551e-01  -3.5555729e-01
  -4.9654220e-01  -3.5592886e-01
  -4.9598937e-01  -3.5630033e-01
  -4.9543703e-01  -3.5667170e-01
  -4.9488516e-01  -3.5704297e-01
  -4.9433378e-01  -3.5741414e-01
  -4.9378288e-01  -3.5778520e-01
  -4.9323246e-01  -3.5815616e-01
  -4.9268251e-01  -3.5852701e-01
  -4.9213305e-01  -3.5889776e-01
  -4.9158405e-01  -3.5926840e-01
  -4.9103553e-01  -3.5963893e-01
  -4.9048749e-01  -3.6000935e-01
  -4.8993992e-01  -3.6037966e-01
  -4.8939281e-01  -3.6074986e-01
  -4.8884618e-01  -3.6111995e-01
  -4.8830002e-01  -3.6148993e-01
  -4.8775433e-01  -3.6185979e-01
  -4.8720910e-01  -3.6222954e-01
  -4.8666434e-01  -3.6259918e-01
  -4.8612004e-01  -3.6296870e-01
  -4.8557621e-01  -3.6333810e-01
  -4.8503283e-01  -3.6370738e-01
  -4.8448993e-01  -3.6407654e-01
  -4.8394748e-01  -3.6444559e-01
  -4.8340549e-01  -3.6481451e-01
  -4.8286395e-01  -3.6518332e-01
  -4.8232288e-01  -3.6555200e-01
  -4.8178226e-01  -3.6592055e-01
  -4.8124210e-01  -3.6628898e-01
  -4.8070239e-01  -3.6665729e-01
  -4.8016313e-01  -3.6702547e-01
  -4.7962433e-01  -3.6739353e-01
  -4.7908598e-01  -3.6776146e-01
  -4.7854807e-01  -3.6812925e-01
  -4.7801062e-01  -3.6849692e-01
  -4.7747361e-01  -3.6886446e-01
  -4.7693705e-01  -3.6923187e-01
  -4.7640094e-01  -3.6959914e-01
  -4.7586527e-01  -3.6996628e-01
  -4.7533004e-01  -3.7033329e-01
  -4.7479526e-01  -3.7070016e-01
  -4.7426092e-01  -3.7106690e-01
  -4.7372702e-01  -3.7143350e-01
  -4.7319356e-01  -3.7179997e-01
  -4.7266054e-01  -3.7216629e-01
  -4.7212802e-01  -3.7253268e-01
  -4.7159581e-01  -3.7289852e-01
  -4.7106394e-01  -3.7326445e-01
  -4.7053282e-01  -3.7363019e-01
  -4.7000179e-01  -3.7399583e-01
  -4.6947157e-01  -3.7436129e-01
  -4.6894138e-01  -3.7472664e-01
  -4.6841205e-01  -3.7509180e-01
  -4.6788269e-01  -3.7545687e-01
  -4.6735424e-01  -3.7582174e-01
  -4.6682571e-01  -3.7618652e-01
  -4.6629815e-01  -3.7655108e-01
  -4.6577043e-01  -3.7691556e-01
  -4.6524377e-01  -3.7727982e-01
  -4.6471686e-01  -3.7764401e-01
  -4.6419108e-01  -3.7800796e-01
  -4.6366496e-01  -3.7837185e-01
  -4.6314009e-01  -3.7873548e-01
  -4.6261475e-01  -3.7909907e-01
  -4.6209077e-01  -3.7946238e-01
  -4.6156621e-01  -3.7982566e-01
  -4.6104313e-01  -3.8018866e-01
  -4.6051933e-01  -3.8055163e-01
  -4.5999716e-01  -3.8091430e-01
  -4.5947411e-01  -3.8127697e-01
  -4.5895286e-01  -3.8163930e-01
  -4.5843053e-01  -3.8200165e-01
  -4.5791020e-01  -3.8236365e-01
  -4.5738859e-01  -3.8272569e-01
  -4.5686919e-01  -3.8308735e-01
  -4.5634930e-01  -3.8344895e-01
  -4.5582982e-01  -3.8381038e-01
  -4.5531075e-01  -3.8417165e-01
  -4.5479209e-01  -3.8453275e-01
  -4.5427383e-01  -3.8489368e-01
  -4.5375598e-01  -3.8525444e-01
  -4.5323853e-01  -3.8561503e-01
  -4.5272149e-01  -3.8597545e-01
  -4.5220485e-01  -3.8633570e-01
  -4.5168861e-01  -3.8669577e-01
  -4.5117278e-01  -3.8705567e-01
  -4.5065734e-01  -3.8741539e-01
  -4.5014230e-01  -3.8777494e-01
  -4.4962767e-01  -3.8813431e-01
  -4.4911343e-01  -3.8849350e-01
  -4.4859959e-01  -3.8885251e-01
  -4.4808614e-01  -3.8921135e-01
  -4.4757309e-01  -3.8957000e-01
  -4.4706044e-01  -3.8992848e-01
  -4.4654818e-01  -3.9028676e-01
  -4.4603580e-01  -3.9064498e-01
  -4.4552484e-01  -3.9100280e-01
  -4.4501348e-01  -3.9136060e-01
  -4.4450306e-01  -3.9171809e-01
  -4.4399261e-01  -3.9207550e-01
  -4.4348285e-01  -3.9243264e-01
  -4.4297324e-01  -3.9278966e-01
  -4.4246419e-01  -3.9314644e-01
  -4.4195539e-01  -3.9350307e-01
  -4.4144707e-01  -3.9385948e-01
  -4.4093907e-01  -3.9421572e-01
  -4.4043150e-01  -3.9457175e-01
  -4.3992428e-01  -3.9492761e-01
  -4.3941747e-01  -3.9528325e-01
  -4.3891102e-01  -3.9563872e-01
  -4.3840497e-01  -3.9599397e-01
  -4.3789928e-01  -3.9634904e-01
  -4.3739399e-01  -3.9670390e-01
  -4.3688906e-01  -3.9705858e-01
  -4.3638452e-01  -3.9741304e-01
  -4.3588036e-01  -3.9776731e-01
  -4.3537657e-01  -3.9812138e-01
  -4.3487316e-01  -3.9847525e-01
  -4.3437013e-01  -3.9882891e-01
  -4.3386747e-01  -3.9918237e-01
  -4.3336519e-01  -3.9953562e-01
  -4.3286328e-01  -3.9988867e-01
  -4.3236174e-01  -4.0024151e-01
  -4.3186058e-01  -4.0059415e-01
  -4.3135979e-01  -4.0094658e-01
  -4.3085936e-01  -4.0129880e-01
  -4.3035931e-01  -4.0165081e-01
  -4.2985963e-01  -4.0200261e-01
  -4.2936032e-01  -4.0235419e-01
  -4.2886138e-01  -4.0270557e-01
  -4.2836280e-01  -4.0305673e-01
  -4.2786459e-01  -4.0340768e-01
  -4.2736675e-01  -4.0375841e-01
  -4.2686927e-01  -4.0410893e-01
  -4.2637217e-01  -4.0445923e-01
  -4.2587542e-01  -4.0480931e-01
  -4.2537904e-01  -4.0515917e-01
  -4.2488302e-01  -4.0550882e-01
  -4.2438736e-01  -4.0585824e-01
  -4.2389206e-01  -4.0620745e-01
  -4.2339713e-01  -4.0655643e-01
  -4.2290256e-01  -4.0690519e-01
  -4.2240835e-01  -4.0725372e-01
  -4.2191456e-01  -4.0760224e-01
  -4.2142100e-01  -4.0795012e-01
  -4.2092791e-01  -4.0829812e-01
  -4.2043509e-01  -4.0864561e-01
  -4.1994270e-01  -4.0899311e-01
  -4.1945061e-01  -4.0934019e-01
  -4.1895892e-01  -4.0968720e-01
  -4.1846755e-01  -4.1003385e-01
  -4.1797656e-01  -4.1038038e-01
  -4.1748590e-01  -4.1072658e-01
  -4.1699563e-01  -4.1107263e-01
  -4.1650568e-01  -4.1141838e-01
  -4.1601610e-01  -4.1176395e-01
  -4.1552686e-01  -4.1210924e-01
  -4.1503799e-01  -4.1245433e-01
  -4.1454946e-01  -4.1279916e-01
  -4.1406128e-01  -4.1314377e-01
  -4.1357345e-01  -4.1348812e-01
  -4.1308597e-01  -4.1383225e-01
  -4.1259884e-01  -4.1417612e-01
  -4.1211206e-01  -4.1451976e-01
  -4.1162562e-01  -4.1486316e-01
  -4.1113954e-01  -4.1520631e-01
  -4.1065380e-01  -4.1554921e-01
  -4.1016840e-01  -4.1589188e-01
  -4.0968335e-01  -4.1623429e-01
  -4.0919865e-01  -4.1657646e-01
  -4.0871429e-01  -4.1691838e-01
  -4.0823028e-01  -4.1726005e-01
  -4.0774661e-01  -4.1760148e-01
  -4.0726328e-01  -4.1794265e-01
  -4.0678030e-01  -4.1828357e-01
  -4.0629766e-01  -4.1862424e-01
  -4.0581536e-01  -4.1896465e-01
  -4.0533340e-01  -4.1930481e-01
  -4.0485178e-01  -4.1964472e-01
  -4.0437050e-01  -4.1998437e-01
  -4.0388957e-01  -4.2032376e-01
  -4.0340897e-01  -4.2066290e-01
  -4.0292871e-01  -4.2100178e-01
  -4.0244879e-01  -4.2134040e-01
  -4.0196921e-01  -4.2167876e-01
  -4.0148997e-01  -4.2201685e-01
  -4.0101106e-01  -4.2235469e-01
  -4.0053249e-01  -4.2269226e-01
  -4.0005426e-01  -4.2302957e-01
  -3.9957637e-01  -4.2336662e-01
  -3.9909881e-01  -4.2370340e-01
  -3.9862158e-01  -4.2403992e-01
  -3.9814469e-01  -4.2437616e-01
  -3.9766814e-01  -4.2471214e-01
  -3.9719192e-01  -4.2504785e-01
  -3.9671603e-01  -4.2538330e-01
  -3.9624048e-01  -4.2571847e-01
  -3.9576526e-01  -4.2605337e-01
  -3.9529037e-01  -4.2638799e-01
  -3.9481581e-01  -4.2672235e-01
  -3.9434159e-01  -4.2705643e-01
  -3.9386770e-01  -4.2739024e-01
  -3.9339414e-01  -4.2772377e-01
  -3.9292091e-01  -4.2805702e-01
  -3.9244801e-01  -4.2839000e-01
  -3.9197544e-01  -4.2872270e-01
  -3.9150320e-01  -4.2905512e-01
  -3.9103129e-01  -4.2938726e-01
  -3.9055971e-01  -4.2971912e-01
  -3.9008842e-01  -4.3005072e-01
  -3.8961754e-01  -4.3038199e-01
  -3.8914689e-01  -4.3071303e-01
  -3.8867668e-01  -4.3104373e-01
  -3.8820668e-01  -4.3137420e-01
  -3.8773713e-01  -4.3170433e-01
  -3.8726778e-01  -4.3203423e-01
  -3.8679888e-01  -4.3236378e-01
  -3.8633019e-01  -4.3269311e-01
  -3.8586195e-01  -4.3302208e-01
  -3.8539389e-01  -4.3335083e-01
  -3.8492631e-01  -4.3367922e-01
  -3.8445891e-01  -4.3400739e-01
  -3.8399198e-01  -4.3433519e-01
  -3.8352522e-01  -4.3466278e-01
  -3.8305895e-01  -4.3498999e-01
  -3.8259283e-01  -4.3531699e-01
  -3.8212721e-01  -4.3564361e-01
  -3.8166173e-01  -4.3597002e-01
  -3.8119678e-01  -4.3629603e-01
  -3.8073193e-01  -4.3662186e-01
  -3.8026763e-01  -4.3694727e-01
  -3.7980342e-01  -4.3727250e-01
  -3.7933977e-01  -4.3759730e-01
  -3.7887620e-01  -4.3792193e-01
  -3.7841321e-01  -4.3824613e-01
  -3.7795027e-01  -4.3857016e-01
  -3.7748793e-01  -4.3889374e-01
  -3.7702562e-01  -4.3921716e-01
  -3.7656394e-01  -4.3954013e-01
  -3.7610227e-01  -4.3986294e-01
  -3.7564124e-01  -4.4018529e-01
  -3.7518036e-01  -4.4050741e-01
  -3.7471981e-01  -4.4082921e-01
  -3.7425958e-01  -4.4115071e-01
  -3.7379967e-01  -4.4147190e-01
  -3.7334008e-01  -4.4179277e-01
  -3.7288082e-01  -4.4211333e-01
  -3.7242187e-01  -4.4243358e-01
  -3.7196324e-01  -4.4275351e-01
  -3.7150493e-01  -4.4307313e-01
  -3.7104694e-01  -4.4339243e-01
  -3.7058926e-01  -4.4371142e-01
  -3.7013191e-01  -4.4403008e-01
  -3.6967488e-01  -4.4434843e-01
  -3.6921816e-01  -4.4466646e-01
  -3.6876177e-01  -4.4498417e-01
  -3.6830569e-01  -4.4530155e-01
  -3.6784993e-01  -4.4561862e-01
  -3.6739450e-01  -4.4593536e-01
  -3.6693937e-01  -4.4625178e-01
  -3.6648457e-01  -4.4656787e-01
  -3.6603009e-01  -4.4688364e-01
  -3.6557592e-01  -4.4719908e-01
  -3.6512191e-01  -4.4751427e-01
  -3.6466854e-01  -4.4782898e-01
  -3.6421519e-01  -4.4814351e-01
  -3.6376244e-01  -4.4845757e-01
  -3.6330974e-01  -4.4877142e-01
  -3.6285760e-01  -4.4908484e-01
  -3.6240556e-01  -4.4939802e-01
  -3.6195403e-01  -4.4971078e-01
  -3.6150265e-01  -4.5002329e-01
  -3.6105174e-01  -4.5033538e-01
  -3.6060100e-01  -4.5064722e-01
  -3.6015072e-01  -4.5095865e-01
  -3.5970062e-01  -4.5126980e-01
  -3.5925099e-01  -4.5158057e-01
  -3.5880151e-01  -4.5189104e-01
  -3.5835251e-01  -4.5220114e-01
  -3.5790367e-01  -4.5251092e-01
  -3.5745529e-01  -4.5282034e-01
  -3.5700709e-01  -4.5312944e-01
  -3.5655934e-01  -4.5343818e-01
  -3.5611179e-01  -4.5374660e-01
  -3.5566466e-01  -4.5405465e-01
  -3.5521775e-01  -4.5436237e-01
  -3.5477126e-01  -4.5466974e-01
  -3.5432498e-01  -4.5497677e-01
  -3.5387912e-01  -4.5528344e-01
  -3.5343349e-01  -4.5558977e-01
  -3.5298825e-01  -4.5589575e-01
  -3.5254326e-01  -4.5620139e-01
  -3.5209865e-01  -4.5650667e-01
  -3.5165430e-01  -4.5681160e-01
  -3.5121033e-01  -4.5711618e-01
  -3.5076662e-01  -4.5742040e-01
  -3.5032327e-01  -4.5772428e-01
  -3.4988020e-01  -4.5802780e-01
  -3.4943749e-01  -4.5833096e-01
  -3.4899506e-01  -4.5863377e-01
  -3.4855298e-01  -4.5893622e-01
  -3.4811119e-01  -4.5923832e-01
  -3.4766975e-01  -4.5954006e-01
  -3.4722859e-01  -4.5984143e-01
  -3.4678779e-01  -4.6014246e-01
  -3.4634727e-01  -4.6044311e-01
  -3.4590710e-01  -4.6074341e-01
  -3.4546722e-01  -4.6104335e-01
  -3.4502769e-01  -4.6134293e-01
  -3.4458845e-01  -4.6164213e-01
  -3.4414956e-01  -4.6194099e-01
  -3.4371096e-01  -4.6223947e-01
  -3.4327270e-01  -4.6253759e-01
  -3.4283475e-01  -4.6283533e-01
  -3.4239713e-01  -4.6313272e-01
  -3.4195981e-01  -4.6342974e-01
  -3.4152283e-01  -4.6372639e-01
  -3.4108616e-01  -4.6402266e-01
  -3.4064982e-01  -4.6431857e-01
  -3.4021379e-01  -4.6461411e-01
  -3.3977809e-01  -4.6490928e-01
  -3.3934270e-01  -4.6520407e-01
  -3.3890765e-01  -4.6549850e-01
  -3.3847290e-01  -4.6579255e-01
  -3.3803849e-01  -4.6608622e-01
  -3.3760439e-01  -4.6637952e-01
  -3.3717062e-01  -4.6667245e-01
  -3.3673716e-01  -4.6696500e-01
  -3.3630404e-01  -4.6725717e-01
  -3.3587123e-01  -4.6754896e-01
  -3.3543875e-01  -4.6784038e-01
  -3.3500658e-01  -4.6813141e-01
  -3.3457475e-01  -4.6842207e-01
  -3.3414323e-01  -4.6871234e-01
  -3.3371204e-01  -4.6900224e-01
  -3.3328118e-01  -4.6929175e-01
  -3.3285064e-01  -4.6958088e-01
  -3.3242042e-01  -4.6986963e-01
  -3.3199053e-01  -4.7015799e-01
  -3.3156096e-01  -4.7044597e-01
  -3.3113172e-01  -4.7073356e-01
  -3.3070281e-01  -4.7102076e-01
  -3.3027422e-01  -4.7130758e-01
  -3.2984596e-01  -4.7159402e-01
  -3.2941802e-01  -4.7188006e-01
  -3.2899041e-01  -4.7216572e-01
  -3.2856313e-01  -4.7245098e-01
  -3.2813617e-01  -4.7273586e-01
  -3.2770954e-01  -4.7302034e-01
  -3.2728316e-01  -4.7330446e-01
  -3.2685727e-01  -4.7358814e-01
  -3.2643155e-01  -4.7387147e-01
  -3.2600631e-01  -4.7415436e-01
  -3.2558125e-01  -4.7443690e-01
  -3.2515667e-01  -4.7471901e-01
  -3.2473227e-01  -4.7500076e-01
  -3.2430835e-01  -4.7528208e-01
  -3.2388462e-01  -4.7556303e-01
  -3.2346135e-01  -4.7584356e-01
  -3.2303828e-01  -4.7612371e-01
  -3.2261568e-01  -4.7640345e-01
  -3.2219327e-01  -4.7668280e-01
  -3.2177133e-01  -4.7696174e-01
  -3.2134959e-01  -4.7724029e-01
  -3.2092832e-01  -4.7751843e-01
  -3.2050724e-01  -4.7779618e-01
  -3.2008663e-01  -4.7807352e-01
  -3.1966623e-01  -4.7835046e-01
  -3.1924629e-01  -4.7862700e-01
  -3.1882655e-01  -4.7890312e-01
  -3.1840728e-01  -4.7917885e-01
  -3.1798822e-01  -4.7945417e-01
  -3.1756961e-01  -4.7972909e-01
  -3.1715123e-01  -4.8000359e-01
  -3.1673329e-01  -4.8027771e-01
  -3.1631558e-01  -4.8055139e-01
  -3.1589832e-01  -4.8082469e-01
  -3.1548129e-01  -4.8109755e-01
  -3.1506470e-01  -4.8137004e-01
  -3.1464835e-01  -4.8164208e-01
  -3.1423243e-01  -4.8191375e-01
  -3.1381677e-01  -4.8218497e-01
  -3.1340153e-01  -4.8245582e-01
  -3.1298655e-01  -4.8272621e-01
  -3.1257198e-01  -4.8299624e-01
  -3.1215769e-01  -4.8326580e-01
  -3.1174380e-01  -4.8353500e-01
  -3.1133020e-01  -4.8380374e-01
  -3.1091699e-01  -4.8407211e-01
  -3.1050408e-01  -4.8434001e-01
  -3.1009156e-01  -4.8460756e-01
  -3.0967934e-01  -4.8487463e-01
  -3.0926749e-01  -4.8514134e-01
  -3.0885598e-01  -4.8540758e-01
  -3.0844481e-01  -4.8567346e-01
  -3.0803399e-01  -4.8593886e-01
  -3.0762346e-01  -4.8620398e-01
  -3.0721340e-01  -4.8646846e-01
  -3.0680354e-01  -4.8673272e-01
  -3.0639419e-01  -4.8699639e-01
  -3.0598501e-01  -4.8725977e-01
  -3.0557638e-01  -4.8752265e-01
  -3.0516789e-01  -4.8778511e-01
  -3.0475996e-01  -4.8804722e-01
  -3.0435224e-01  -4.8830879e-01
  -3.0394489e-01  -4.8857007e-01
  -3.0353797e-01  -4.8883093e-01
  -3.0313130e-01  -4.8909125e-01
  -3.0272507e-01  -4.8935121e-01
  -3.0231910e-01  -4.8961071e-01
  -3.0191357e-01  -4.8986980e-01
  -3.0150831e-01  -4.9012847e-01
  -3.0110348e-01  -4.9038670e-01
  -3.0069893e-01  -4.9064452e-01
  -3.0029481e-01  -4.9090190e-01
  -2.9989098e-01  -4.9115887e-01
  -2.9948756e-01  -4.9141539e-01
  -2.9908445e-01  -4.9167151e-01
  -2.9868175e-01  -4.9192716e-01
  -2.9827935e-01  -4.9218243e-01
  -2.9787737e-01  -4.9243722e-01
  -2.9747569e-01  -4.9269163e-01
  -2.9707442e-01  -4.9294556e-01
  -2.9667347e-01  -4.9319911e-01
  -2.9627292e-01  -4.9345217e-01
  -2.9587270e-01  -4.9370486e-01
  -2.9547286e-01  -4.9395706e-01
  -2.9507337e-01  -4.9420889e-01
  -2.9467426e-01  -4.9446021e-01
  -2.9427549e-01  -4.9471118e-01
  -2.9387711e-01  -4.9496164e-01
  -2.9347908e-01  -4.9521174e-01
  -2.9308142e-01  -4.9546132e-01
  -2.9268413e-01  -4.9571056e-01
  -2.9228720e-01  -4.9595927e-01
  -2.9189064e-01  -4.9620764e-01
  -2.9149445e-01  -4.9645548e-01
  -2.9109863e-01  -4.9670297e-01
  -2.9070317e-01  -4.9694994e-01
  -2.9030809e-01  -4.9719656e-01
  -2.8991337e-01  -4.9744265e-01
  -2.8951904e-01  -4.9768841e-01
  -2.8912506e-01  -4.9793362e-01
  -2.8873147e-01  -4.9817850e-01
  -2.8833823e-01  -4.9842283e-01
  -2.8794540e-01  -4.9866683e-01
  -2.8755293e-01  -4.9891036e-01
  -2.8716082e-01  -4.9915341e-01
  -2.8676911e-01  -4.9939606e-01
  -2.8637774e-01  -4.9963823e-01
  -2.8598678e-01  -4.9988000e-01
  -2.8559617e-01  -5.0012129e-01
  -2.8520597e-01  -5.0036218e-01
  -2.8481612e-01  -5.0060259e-01
  -2.8442667e-01  -5.0084259e-01
  -2.8403757e-01  -5.0108212e-01
  -2.8364889e-01  -5.0132124e-01
  -2.8326055e-01  -5.0155989e-01
  -2.8287264e-01  -5.0179812e-01
  -2.8248506e-01  -5.0203588e-01
  -2.8209791e-01  -5.0227323e-01
  -2.8171110e-01  -5.0251011e-01
  -2.8132472e-01  -5.0274657e-01
  -2.8093868e-01  -5.0298256e-01
  -2.8055307e-01  -5.0321813e-01
  -2.8016780e-01  -5.0345324e-01
  -2.7978296e-01  -5.0368792e-01
  -2.7939847e-01  -5.0392214e-01
  -2.7901441e-01  -5.0415593e-01
  -2.7863069e-01  -5.0438926e-01
  -2.7824741e-01  -5.0462217e-01
  -2.7786447e-01  -5.0485460e-01
  -2.7748197e-01  -5.0508662e-01
  -2.7709981e-01  -5.0531816e-01
  -2.7671810e-01  -5.0554929e-01
  -2.7633672e-01  -5.0577994e-01
  -2.7595580e-01  -5.0601018e-01
  -2.7557521e-01  -5.0623994e-01
  -2.7519507e-01  -5.0646928e-01
  -2.7481528e-01  -5.0669815e-01
  -2.7443593e-01  -5.0692660e-01
  -2.7405693e-01  -5.0715458e-01
  -2.7367838e-01  -5.0738214e-01
  -2.7330017e-01  -5.0760922e-01
  -2.7292242e-01  -5.0783588e-01
  -2.7254501e-01  -5.0806207e-01
  -2.7216806e-01  -5.0828784e-01
  -2.7179145e-01  -5.0851313e-01
  -2.7141530e-01  -5.0873801e-01
  -2.7103950e-01  -5.0896241e-01
  -2.7066416e-01  -5.0918639e-01
  -2.7028916e-01  -5.0940989e-01
  -2.6991463e-01  -5.0963297e-01
  -2.6954043e-01  -5.0985558e-01
  -2.6916672e-01  -5.1007777e-01
  -2.6879333e-01  -5.1029948e-01
  -2.6842043e-01  -5.1052077e-01
  -2.6804787e-01  -5.1074159e-01
  -2.6767578e-01  -5.1096198e-01
  -2.6730407e-01  -5.1118192e-01
  -2.6693277e-01  -5.1140140e-01
  -2.6656187e-01  -5.1162044e-01
  -2.6619139e-01  -5.1183903e-01
  -2.6582133e-01  -5.1205717e-01
  -2.6545167e-01  -5.1227486e-01
  -2.6508243e-01  -5.1249211e-01
  -2.6471360e-01  -5.1270890e-01
  -2.6434519e-01  -5.1292525e-01
  -2.6397719e-01  -5.1314115e-01
  -2.6360961e-01  -5.1335660e-01
  -2.6324245e-01  -5.1357160e-01
  -2.6287570e-01  -5.1378616e-01
  -2.6250937e-01  -5.1400026e-01
  -2.6214346e-01  -5.1421392e-01
  -2.6177797e-01  -5.1442713e-01
  -2.6141291e-01  -5.1463989e-01
  -2.6104826e-01  -5.1485220e-01
  -2.6068403e-01  -5.1506407e-01
  -2.6032023e-01  -5.1527548e-01
  -2.5995685e-01  -5.1548645e-01
  -2.5959389e-01  -5.1569697e-01
  -2.5923136e-01  -5.1590705e-01
  -2.5886926e-01  -5.1611667e-01
  -2.5850758e-01  -5.1632585e-01
  -2.5814633e-01  -5.1653458e-01
  -2.5778550e-01  -5.1674286e-01
  -2.5742510e-01  -5.1695069e-01
  -2.5706513e-01  -5.1715808e-01
  -2.5670559e-01  -5.1736502e-01
  -2.5634648e-01  -5.1757151e-01
  -2.5598781e-01  -5.1777755e-01
  -2.5562956e-01  -5.1798316e-01
  -2.5527175e-01  -5.1818830e-01
  -2.5491436e-01  -5.1839301e-01
  -2.5455742e-01  -5.1859727e-01
  -2.5420090e-01  -5.1880108e-01
  -2.5384483e-01  -5.1900444e-01
  -2.5348918e-01  -5.1920736e-01
  -2.5313398e-01  -5.1940983e-01
  -2.5277921e-01  -5.1961186e-01
  -2.5242488e-01  -5.1981344e-01
  -2.5207098e-01  -5.2001458e-01
  -2.5171753e-01  -5.2021526e-01
  -2.5136452e-01  -5.2041551e-01
  -2.5101195e-01  -5.2061531e-01
  -2.5065981e-01  -5.2081467e-01
  -2.5030812e-01  -5.2101357e-01
  -2.4995687e-01  -5.2121204e-01
  -2.4960607e-01  -5.2141005e-01
  -2.4925571e-01  -5.2160764e-01
  -2.4890580e-01  -5.2180476e-01
  -2.4855632e-01  -5.2200146e-01
  -2.4820730e-01  -5.2219770e-01
  -2.4785872e-01  -5.2239350e-01
  -2.4751059e-01  -5.2258886e-01
  -2.4716290e-01  -5.2278378e-01
  -2.4681568e-01  -5.2297824e-01
  -2.4646888e-01  -5.2317228e-01
  -2.4612256e-01  -5.2336586e-01
  -2.4577666e-01  -5.2355902e-01
  -2.4543124e-01  -5.2375171e-01
  -2.4508625e-01  -5.2394398e-01
  -2.4474173e-01  -5.2413580e-01
  -2.4439764e-01  -5.2432719e-01
  -2.4405404e-01  -5.2451812e-01
  -2.4371085e-01  -5.2470863e-01
  -2.4336816e-01  -5.2489868e-01
  -2.4302588e-01  -5.2508830e-01
  -2.4268411e-01  -5.2527748e-01
  -2.4234274e-01  -5.2546623e-01
  -2.4200188e-01  -5.2565452e-01
  -2.4166143e-01  -5.2584239e-01
  -2.4132149e-01  -5.2602981e-01
  -2.4098195e-01  -5.2621680e-01
  -2.4064294e-01  -5.2640335e-01
  -2.4030432e-01  -5.2658946e-01
  -2.3996623e-01  -5.2677513e-01
  -2.3962853e-01  -5.2696037e-01
  -2.3929137e-01  -5.2714517e-01
  -2.3895459e-01  -5.2732954e-01
  -2.3861837e-01  -5.2751347e-01
  -2.3828251e-01  -5.2769696e-01
  -2.3794723e-01  -5.2788002e-01
  -2.3761229e-01  -5.2806264e-01
  -2.3727795e-01  -5.2824486e-01
  -2.3694394e-01  -5.2842658e-01
  -2.3661054e-01  -5.2860793e-01
  -2.3627746e-01  -5.2878879e-01
  -2.3594500e-01  -5.2896928e-01
  -2.3561285e-01  -5.2914926e-01
  -2.3528134e-01  -5.2932889e-01
  -2.3495013e-01  -5.2950801e-01
  -2.3461957e-01  -5.2968678e-01
  -2.3428929e-01  -5.2986503e-01
  -2.3395969e-01  -5.3004294e-01
  -2.3363045e-01  -5.3022038e-01
  -2.3330170e-01  -5.3039739e-01
  -2.3297341e-01  -5.3057396e-01
  -2.3264560e-01  -5.3075011e-01
  -2.3231827e-01  -5.3092583e-01
  -2.3199141e-01  -5.3110112e-01
  -2.3166504e-01  -5.3127598e-01
  -2.3133913e-01  -5.3145042e-01
  -2.3101371e-01  -5.3162442e-01
  -2.3068876e-01  -5.3179801e-01
  -2.3036430e-01  -5.3197116e-01
  -2.3004031e-01  -5.3214389e-01
  -2.2971681e-01  -5.3231620e-01
  -2.2939378e-01  -5.3248808e-01
  -2.2907124e-01  -5.3265953e-01
  -2.2874918e-01  -5.3283056e-01
  -2.2842760e-01  -5.3300117e-01
  -2.2810650e-01  -5.3317136e-01
  -2.2778589e-01  -5.3334112e-01
  -2.2746576e-01  -5.3351046e-01
  -2.2714612e-01  -5.3367938e-01
  -2.2682696e-01  -5.3384788e-01
  -2.2650829e-01  -5.3401595e-01
  -2.2619010e-01  -5.3418361e-01
  -2.2587240e-01  -5.3435085e-01
  -2.2555519e-01  -5.3451767e-01
  -2.2523847e-01  -5.3468407e-01
  -2.2492224e-01  -5.3485005e-01
  -2.2460649e-01  -5.3501561e-01
  -2.2429123e-01  -5.3518076e-01
  -2.2397647e-01  -5.3534549e-01
  -2.2366219e-01  -5.3550980e-01
  -2.2334841e-01  -5.3567370e-01
  -2.2303511e-01  -5.3583718e-01
  -2.2272231e-01  -5.3600025e-01
  -2.2241000e-01  -5.3616290e-01
  -2.2209819e-01  -5.3632514e-01
  -2.2178687e-01  -5.3648697e-01
  -2.2147604e-01  -5.3664838e-01
  -2.2116571e-01  -5.3680938e-01
  -2.2085587e-01  -5.3696997e-01
  -2.2054652e-01  -5.3713016e-01
  -2.2023768e-01  -5.3728992e-01
  -2.1992933e-01  -5.3744928e-01
  -2.1962147e-01  -5.3760823e-01
  -2.1931412e-01  -5.3776677e-01
  -2.1900726e-01  -5.3792491e-01
  -2.1870090e-01  -5.3808263e-01
  -2.1839504e-01  -5.3823995e-01
  -2.1808968e-01  -5.3839686e-01
  -2.1778481e-01  -5.3855336e-01
  -2.1748045e-01  -5.3870947e-01
  -2.1717659e-01  -5.3886516e-01
  -2.1687323e-01  -5.3902045e-01
  -2.1657037e-01  -5.3917533e-01
  -2.1626801e-01  -5.3932982e-01
  -2.1596615e-01  -5.3948390e-01
  -2.1566480e-01  -5.3963758e-01
  -2.1536395e-01  -5.3979085e-01
  -2.1506360e-01  -5.3994373e-01
  -2.1476376e-01  -5.4009620e-01
  -2.1446442e-01  -5.4024828e-01
  -2.1416559e-01  -5.4039995e-01
  -2.1386726e-01  -5.4055124e-01
  -2.1356944e-01  -5.4070211e-01
  -2.1327212e-01  -5.4085260e-01
  -2.1297531e-01  -5.4100268e-01
  -2.1267901e-01  -5.4115237e-01
  -2.1238321e-01  -5.4130166e-01
  -2.1208793e-01  -5.4145057e-01
  -2.1179315e-01  -5.4159906e-01
  -2.1149887e-01  -5.4174718e-01
  -2.1120511e-01  -5.4189489e-01
  -2.1091185e-01  -5.4204222e-01
  -2.1061911e-01  -5.4218915e-01
  -2.1032687e-01  -5.4233570e-01
  -2.1003515e-01  -5.4248184e-01
  -2.0974393e-01  -5.4262761e-01
  -2.0945323e-01  -5.4277297e-01
  -2.0916303e-01  -5.4291796e-01
  -2.0887335e-01  -5.4306255e-01
  -2.0858418e-01  -5.4320676e-01
  -2.0829553e-01  -5.4335057e-01
  -2.0800738e-01  -5.4349401e-01
  -2.0771975e-01  -5.4363705e-01
  -2.0743263e-01  -5.4377972e-01
  -2.0714602e-01  -5.4392199e-01
  -2.0685993e-01  -5.4406389e-01
  -2.0657435e-01  -5.4420539e-01
  -2.0628929e-01  -5.4434653e-01
  -2.0600474e-01  -5.4448727e-01
  -2.0572071e-01  -5.4462764e-01
  -2.0543719e-01  -5.4476761e-01
  -2.0515419e-01  -5.4490722e-01
  -2.0487170e-01  -5.4504644e-01
  -2.0458973e-01  -5.4518529e-01
  -2.0430828e-01  -5.4532375e-01
  -2.0402734e-01  -5.4546185e-01
  -2.0374692e-01  -5.4559955e-01
  -2.0346702e-01  -5.4573690e-01
  -2.0318764e-01  -5.4587385e-01
  -2.0290877e-01  -5.4601044e-01
  -2.0263042e-01  -5.4614665e-01
  -2.0235259e-01  -5.4628249e-01
  -2.0207528e-01  -5.4641795e-01
  -2.0179849e-01  -5.4655305e-01
  -2.0152221e-01  -5.4668777e-01
  -2.0124646e-01  -5.4682213e-01
  -2.0097123e-01  -5.4695610e-01
  -2.0069651e-01  -5.4708972e-01
  -2.0042232e-01  -5.4722295e-01
  -2.0014864e-01  -5.4735583e-01
  -1.9987549e-01  -5.4748833e-01
  -1.9960286e-01  -5.4762048e-01
  -1.9933075e-01  -5.4775224e-01
  -1.9905916e-01  -5.4788366e-01
  -1.9878809e-01  -5.4801469e-01
  -1.9851754e-01  -5.4814537e-01
  -1.9824752e-01  -5.4827568e-01
  -1.9797802e-01  -5.4840564e-01
  -1.9770904e-01  -5.4853522e-01
  -1.9744058e-01  -5.4866445e-01
  -1.9717265e-01  -5.4879331e-01
  -1.9690523e-01  -5.4892183e-01
  -1.9663835e-01  -5.4904997e-01
  -1.9637198e-01  -5.4917776e-01
  -1.9610614e-01  -5.4930518e-01
  -1.9584082e-01  -5.4943226e-01
  -1.9557603e-01  -5.4955897e-01
  -1.9531176e-01  -5.4968533e-01
  -1.9504801e-01  -5.4981133e-01
  -1.9478479e-01  -5.4993698e-01
  -1.9452209e-01  -5.5006227e-01
  -1.9425992e-01  -5.5018721e-01
  -1.9399827e-01  -5.5031179e-01
  -1.9373715e-01  -5.5043603e-01
  -1.9347655e-01  -5.5055991e-01
  -1.9321648e-01  -5.5068344e-01
  -1.9295693e-01  -5.5080662e-01
  -1.9269791e-01  -5.5092945e-01
  -1.9243941e-01  -5.5105193e-01
  -1.9218144e-01  -5.5117407e-01
  -1.9192400e-01  -5.5129585e-01
  -1.9166708e-01  -5.5141730e-01
  -1.9141069e-01  -5.5153839e-01
  -1.9115482e-01  -5.5165914e-01
  -1.9089948e-01  -5.5177954e-01
  -1.9064466e-01  -5.5189960e-01
  -1.9039038e-01  -5.5201931e-01
  -1.9013662e-01  -5.5213869e-01
  -1.8988338e-01  -5.5225772e-01
  -1.8963068e-01  -5.5237641e-01
  -1.8937850e-01  -5.5249475e-01
  -1.8912684e-01  -5.5261277e-01
  -1.8887572e-01  -5.5273043e-01
  -1.8862512e-01  -5.5284776e-01
  -1.8837505e-01  -5.5296475e-01
  -1.8812551e-01  -5.5308141e-01
  -1.8787649e-01  -5.5319772e-01
  -1.8762800e-01  -5.5331371e-01
  -1.8738004e-01  -5.5342935e-01
  -1.8713260e-01  -5.5354466e-01
  -1.8688569e-01  -5.5365963e-01
  -1.8663932e-01  -5.5377428e-01
  -1.8639346e-01  -5.5388859e-01
  -1.8614815e-01  -5.5400257e-01
  -1.8590335e-01  -5.5411621e-01
  -1.8565908e-01  -5.5422953e-01
  -1.8541534e-01  -5.5434251e-01
  -1.8517214e-01  -5.5445516e-01
  -1.8492944e-01  -5.5456749e-01
  -1.8468730e-01  -5.5467949e-01
  -1.8444566e-01  -5.5479116e-01
  -1.8420458e-01  -5.5490251e-01
  -1.8396399e-01  -5.5501353e-01
  -1.8372396e-01  -5.5512422e-01
  -1.8348443e-01  -5.5523459e-01
  -1.8324546e-01  -5.5534463e-01
  -1.8300698e-01  -5.5545435e-01
  -1.8276907e-01  -5.5556375e-01
  -1.8253165e-01  -5.5567282e-01
  -1.8229480e-01  -5.5578158e-01
  -1.8205843e-01  -5.5589001e-01
  -1.8182264e-01  -5.5599813e-01
  -1.8158732e-01  -5.5610592e-01
  -1.8135259e-01  -5.5621339e-01
  -1.8111832e-01  -5.5632055e-01
  -1.8088465e-01  -5.5642739e-01
  -1.8065144e-01  -5.5653390e-01
  -1.8041883e-01  -5.5664012e-01
  -1.8018667e-01  -5.5674600e-01
  -1.7995511e-01  -5.5685158e-01
  -1.7972401e-01  -5.5695683e-01
  -1.7949351e-01  -5.5706179e-01
  -1.7926347e-01  -5.5716641e-01
  -1.7903402e-01  -5.5727074e-01
  -1.7880503e-01  -5.5737474e-01
  -1.7857665e-01  -5.5747845e-01
  -1.7834871e-01  -5.5758182e-01
  -1.7812138e-01  -5.5768492e-01
  -1.7789449e-01  -5.5778767e-01
  -1.7766822e-01  -5.5789015e-01
  -1.7744239e-01  -5.5799228e-01
  -1.7721718e-01  -5.5809414e-01
  -1.7699240e-01  -5.5819566e-01
  -1.7676824e-01  -5.5829691e-01
  -1.7654452e-01  -5.5839782e-01
  -1.7632142e-01  -5.5849846e-01
  -1.7609874e-01  -5.5859876e-01
  -1.7587670e-01  -5.5869880e-01
  -1.7565508e-01  -5.5879848e-01
  -1.7543409e-01  -5.5889792e-01
  -1.7521352e-01  -5.5899700e-01
  -1.7499358e-01  -5.5909583e-01
  -1.7477407e-01  -5.5919431e-01
  -1.7455519e-01  -5.5929254e-01
  -1.7433672e-01  -5.5939042e-01
  -1.7411890e-01  -5.5948806e-01
  -1.7390149e-01  -5.5958534e-01
  -1.7368471e-01  -5.5968238e-01
  -1.7346835e-01  -5.5977907e-01
  -1.7325263e-01  -5.5987552e-01
  -1.7303732e-01  -5.5997161e-01
  -1.7282265e-01  -5.6006748e-01
  -1.7260840e-01  -5.6016298e-01
  -1.7239478e-01  -5.6025826e-01
  -1.7218157e-01  -5.6035317e-01
  -1.7196900e-01  -5.6044786e-01
  -1.7175685e-01  -5.6054219e-01
  -1.7154533e-01  -5.6063630e-01
  -1.7133423e-01  -5.6073005e-01
  -1.7112375e-01  -5.6082358e-01
  -1.7091370e-01  -5.6091674e-01
  -1.7070428e-01  -5.6100970e-01
  -1.7049528e-01  -5.6110228e-01
  -1.7028690e-01  -5.6119466e-01
  -1.7007895e-01  -5.6128667e-01
  -1.6987162e-01  -5.6137848e-01
  -1.6966472e-01  -5.6146992e-01
  -1.6945843e-01  -5.6156115e-01
  -1.6925258e-01  -5.6165202e-01
  -1.6904734e-01  -5.6174269e-01
  -1.6884254e-01  -5.6183299e-01
  -1.6863834e-01  -5.6192309e-01
  -1.6843459e-01  -5.6201283e-01
  -1.6823144e-01  -5.6210236e-01
  -1.6802873e-01  -5.6219154e-01
  -1.6782662e-01  -5.6228051e-01
  -1.6762496e-01  -5.6236912e-01
  -1.6742389e-01  -5.6245753e-01
  -1.6722327e-01  -5.6254559e-01
  -1.6702325e-01  -5.6263345e-01
  -1.6682368e-01  -5.6272095e-01
  -1.6662470e-01  -5.6280824e-01
  -1.6642617e-01  -5.6289519e-01
  -1.6622823e-01  -5.6298194e-01
  -1.6603075e-01  -5.6306833e-01
  -1.6583385e-01  -5.6315453e-01
  -1.6563741e-01  -5.6324037e-01
  -1.6544155e-01  -5.6332602e-01
  -1.6524615e-01  -5.6341132e-01
  -1.6505133e-01  -5.6349642e-01
  -1.6485697e-01  -5.6358118e-01
  -1.6466319e-01  -5.6366573e-01
  -1.6446987e-01  -5.6374994e-01
  -1.6427713e-01  -5.6383395e-01
  -1.6408485e-01  -5.6391763e-01
  -1.6389314e-01  -5.6400110e-01
  -1.6370190e-01  -5.6408424e-01
  -1.6351123e-01  -5.6416716e-01
  -1.6332103e-01  -5.6424977e-01
  -1.6313139e-01  -5.6433216e-01
  -1.6294223e-01  -5.6441423e-01
  -1.6275362e-01  -5.6449609e-01
  -1.6256550e-01  -5.6457763e-01
  -1.6237793e-01  -5.6465895e-01
  -1.6219084e-01  -5.6473997e-01
  -1.6200430e-01  -5.6482076e-01
  -1.6181825e-01  -5.6490125e-01
  -1.6163274e-01  -5.6498151e-01
  -1.6144772e-01  -5.6506147e-01
  -1.6126325e-01  -5.6514121e-01
  -1.6107926e-01  -5.6522065e-01
  -1.6089581e-01  -5.6529987e-01
  -1.6071286e-01  -5.6537879e-01
  -1.6053044e-01  -5.6545748e-01
  -1.6034852e-01  -5.6553588e-01
  -1.6016713e-01  -5.6561405e-01
  -1.5998624e-01  -5.6569194e-01
  -1.5980588e-01  -5.6576959e-01
  -1.5962602e-01  -5.6584696e-01
  -1.5944668e-01  -5.6592410e-01
  -1.5926785e-01  -5.6600095e-01
  -1.5908954e-01  -5.6607758e-01
  -1.5891174e-01  -5.6615392e-01
  -1.5873446e-01  -5.6623004e-01
  -1.5855768e-01  -5.6630587e-01
  -1.5838142e-01  -5.6638148e-01
  -1.5820566e-01  -5.6645681e-01
  -1.5803043e-01  -5.6653190e-01
  -1.5785570e-01  -5.6660673e-01
  -1.5768149e-01  -5.6668131e-01
  -1.5750778e-01  -5.6675564e-01
  -1.5733459e-01  -5.6682972e-01
  -1.5716191e-01  -5.6690354e-01
  -1.5698974e-01  -5.6697712e-01
  -1.5681808e-01  -5.6705045e-01
  -1.5664693e-01  -5.6712353e-01
  -1.5647629e-01  -5.6719635e-01
  -1.5630616e-01  -5.6726893e-01
  -1.5613654e-01  -5.6734126e-01
  -1.5596743e-01  -5.6741335e-01
  -1.5579882e-01  -5.6748518e-01
  -1.5563073e-01  -5.6755678e-01
  -1.5546314e-01  -5.6762812e-01
  -1.5529607e-01  -5.6769922e-01
  -1.5512949e-01  -5.6777007e-01
  -1.5496343e-01  -5.6784068e-01
  -1.5479788e-01  -5.6791104e-01
  -1.5463283e-01  -5.6798116e-01
  -1.5446829e-01  -5.6805103e-01
  -1.5430426e-01  -5.6812067e-01
  -1.5414073e-01  -5.6819006e-01
  -1.5397771e-01  -5.6825920e-01
  -1.5381519e-01  -5.6832811e-01
  -1.5365318e-01  -5.6839677e-01
  -1.5349168e-01  -5.6846520e-01
  -1.5333068e-01  -5.6853338e-01
  -1.5317018e-01  -5.6860132e-01
  -1.5301020e-01  -5.6866903e-01
  -1.5285071e-01  -5.6873649e-01
  -1.5269173e-01  -5.6880371e-01
  -1.5253325e-01  -5.6887070e-01
  -1.5237528e-01  -5.6893745e-01
  -1.5221781e-01  -5.6900396e-01
  -1.5206084e-01  -5.6907024e-01
  -1.5190438e-01  -5.6913627e-01
  -1.5174842e-01  -5.6920207e-01
  -1.5159296e-01  -5.6926764e-01
  -1.5143800e-01  -5.6933297e-01
  -1.5128354e-01  -5.6939806e-01
  -1.5112959e-01  -5.6946292e-01
  -1.5097614e-01  -5.6952755e-01
  -1.5082319e-01  -5.6959194e-01
  -1.5067074e-01  -5.6965609e-01
  -1.5051879e-01  -5.6972002e-01
  -1.5036733e-01  -5.6978371e-01
  -1.5021639e-01  -5.6984717e-01
  -1.5006593e-01  -5.6991040e-01
  -1.4991599e-01  -5.6997340e-01
  -1.4976653e-01  -5.7003616e-01
  -1.4961758e-01  -5.7009870e-01
  -1.4946912e-01  -5.7016100e-01
  -1.4932117e-01  -5.7022307e-01
  -1.4917371e-01  -5.7028491e-01
  -1.4902675e-01  -5.7034653e-01
  -1.4888029e-01  -5.7040791e-01
  -1.4873432e-01  -5.7046908e-01
  -1.4858885e-01  -5.7053000e-01
  -1.4844388e-01  -5.7059071e-01
  -1.4829941e-01  -5.7065118e-01
  -1.4815543e-01  -5.7071143e-01
  -1.4801195e-01  -5.7077144e-01
  -1.4786896e-01  -5.7083125e-01
  -1.4772647e-01  -5.7089081e-01
  -1.4758447e-01  -5.7095016e-01
  -1.4744297e-01  -5.7100927e-01
  -1.4730196e-01  -5.7106817e-01
  -1.4716145e-01  -5.7112683e-01
  -1.4702143e-01  -5.7118528e-01
  -1.4688191e-01  -5.7124349e-01
  -1.4674288e-01  -5.7130150e-01
  -1.4660434e-01  -5.7135926e-01
  -1.4646629e-01  -5.7141683e-01
  -1.4632874e-01  -5.7147414e-01
  -1.4619168e-01  -5.7153126e-01
  -1.4605511e-01  -5.7158813e-01
  -1.4591904e-01  -5.7164481e-01
  -1.4578346e-01  -5.7170124e-01
  -1.4564836e-01  -5.7175748e-01
  -1.4551376e-01  -5.7181346e-01
  -1.4537965e-01  -5.7186926e-01
  -1.4524603e-01  -5.7192480e-01
  -1.4511289e-01  -5.7198017e-01
  -1.4498026e-01  -5.7203527e-01
  -1.4484810e-01  -5.7209020e-01
  -1.4471645e-01  -5.7214486e-01
  -1.4458527e-01  -5.7219935e-01
  -1.4445460e-01  -5.7225358e-01
  -1.4432440e-01  -5.7230764e-01
  -1.4419470e-01  -5.7236142e-01
  -1.4406547e-01  -5.7241505e-01
  -1.4393676e-01  -5.7246841e-01
  -1.4380850e-01  -5.7252160e-01
  -1.4368076e-01  -5.7257452e-01
  -1.4355348e-01  -5.7262729e-01
  -1.4342671e-01  -5.7267978e-01
  -1.4330040e-01  -5.7273211e-01
  -1.4317461e-01  -5.7278417e-01
  -1.4304927e-01  -5.7283608e-01
  -1.4292446e-01  -5.7288771e-01
  -1.4280009e-01  -5.7293919e-01
  -1.4267624e-01  -5.7299039e-01
  -1.4255284e-01  -5.7304145e-01
  -1.4242997e-01  -5.7309222e-01
  -1.4230753e-01  -5.7314285e-01
  -1.4218563e-01  -5.7319320e-01
  -1.4206416e-01  -5.7324341e-01
  -1.4194323e-01  -5.7329333e-01
  -1.4182273e-01  -5.7334312e-01
  -1.4170277e-01  -5.7339262e-01
  -1.4158322e-01  -5.7344198e-01
  -1.4146423e-01  -5.7349106e-01
  -1.4134565e-01  -5.7354001e-01
  -1.4122763e-01  -5.7358866e-01
  -1.4111001e-01  -5.7363719e-01
  -1.4099295e-01  -5.7368542e-01
  -1.4087629e-01  -5.7373353e-01
  -1.4076019e-01  -5.7378135e-01
  -1.4064449e-01  -5.7382904e-01
  -1.4052936e-01  -5.7387644e-01
  -1.4041462e-01  -5.7392372e-01
  -1.4030045e-01  -5.7397070e-01
  -1.4018667e-01  -5.7401757e-01
  -1.4007346e-01  -5.7406413e-01
  -1.3996063e-01  -5.7411058e-01
  -1.3984839e-01  -5.7415673e-01
  -1.3973651e-01  -5.7420277e-01
  -1.3962523e-01  -5.7424851e-01
  -1.3951431e-01  -5.7429413e-01
  -1.3940399e-01  -5.7433946e-01
  -1.3929401e-01  -5.7438467e-01
  -1.3918465e-01  -5.7442959e-01
  -1.3907563e-01  -5.7447439e-01
  -1.3896723e-01  -5.7451890e-01
  -1.3885915e-01  -5.7456329e-01
  -1.3875163e-01  -5.7460744e-01
  -1.3864458e-01  -5.7465138e-01
  -1.3853801e-01  -5.7469511e-01
  -1.3843192e-01  -5.7473864e-01
  -1.3832630e-01  -5.7478197e-01
  -1.3822115e-01  -5.7482510e-01
  -1.3811648e-01  -5.7486802e-01
  -1.3801229e-01  -5.7491074e-01
  -1.3790856e-01  -5.7495326e-01
  -1.3780532e-01  -5.7499558e-01
  -1.3770254e-01  -5.7503769e-01
  -1.3760025e-01  -5.7507960e-01
  -1.3749842e-01  -5.7512131e-01
  -1.3739707e-01  -5.7516282e-01
  -1.3729619e-01  -5.7520413e-01
  -1.3719578e-01  -5.7524524e-01
  -1.3709585e-01  -5.7528615e-01
  -1.3699638e-01  -5.7532686e-01
  -1.3689739e-01  -5.7536736e-01
  -1.3679888e-01  -5.7540767e-01
  -1.3670083e-01  -5.7544778e-01
  -1.3660325e-01  -5.7548768e-01
  -1.3650615e-01  -5.7552739e-01
  -1.3640952e-01  -5.7556690e-01
  -1.3631335e-01  -5.7560621e-01
  -1.3621766e-01  -5.7564533e-01
  -1.3612244e-01  -5.7568424e-01
  -1.3602768e-01  -5.7572296e-01
  -1.3593340e-01  -5.7576147e-01
  -1.3583959e-01  -5.7579979e-01
  -1.3574624e-01  -5.7583791e-01
  -1.3565337e-01  -5.7587584e-01
  -1.3556096e-01  -5.7591357e-01
  -1.3546902e-01  -5.7595110e-01
  -1.3537755e-01  -5.7598843e-01
  -1.3528655e-01  -5.7602557e-01
  -1.3519602e-01  -5.7606251e-01
  -1.3510595e-01  -5.7609925e-01
  -1.3501635e-01  -5.7613580e-01
  -1.3492722e-01  -5.7617215e-01
  -1.3483855e-01  -5.7620831e-01
  -1.3475035e-01  -5.7624427e-01
  -1.3466262e-01  -5.7628004e-01
  -1.3457536e-01  -5.7631561e-01
  -1.3448856e-01  -5.7635099e-01
  -1.3440222e-01  -5.7638617e-01
  -1.3431635e-01  -5.7642116e-01
  -1.3423095e-01  -5.7645595e-01
  -1.3414601e-01  -5.7649055e-01
  -1.3406154e-01  -5.7652495e-01
  -1.3397753e-01  -5.7655916e-01
  -1.3389399e-01  -5.7659318e-01
  -1.3381091e-01  -5.7662700e-01
  -1.3372829e-01  -5.7666063e-01
  -1.3364614e-01  -5.7669407e-01
  -1.3356445e-01  -5.7672731e-01
  -1.3348323e-01  -5.7676037e-01
  -1.3340247e-01  -5.7679322e-01
  -1.3332217e-01  -5.7682589e-01
  -1.3324233e-01  -5.7685837e-01
  -1.3316296e-01  -5.7689065e-01
  -1.3308405e-01  -5.7692274e-01
  -1.3300560e-01  -5.7695464e-01
  -1.3292762e-01  -5.7698634e-01
  -1.3285009e-01  -5.7701786e-01
  -1.3277303e-01  -5.7704918e-01
  -1.3269643e-01  -5.7708031e-01
  -1.3262029e-01  -5.7711125e-01
  -1.3254461e-01  -5.7714201e-01
  -1.3246939e-01  -5.7717257e-01
  -1.3239464e-01  -5.7720294e-01
  -1.3232034e-01  -5.7723311e-01
  -1.3224650e-01  -5.7726310e-01
  -1.3217312e-01  -5.7729290e-01
  -1.3210021e-01  -5.7732251e-01
  -1.3202775e-01  -5.7735193e-01
  -1.3195575e-01  -5.7738116e-01
  -1.3188421e-01  -5.7741020e-01
  -1.3181313e-01  -5.7743905e-01
  -1.3174251e-01  -5.7746771e-01
  -1.3167235e-01  -5.7749618e-01
  -1.3160265e-01  -5.7752447e-01
  -1.3153340e-01  -5.7755256e-01
  -1.3146462e-01  -5.7758047e-01
  -1.3139629e-01  -5.7760818e-01
  -1.3132842e-01  -5.7763571e-01
  -1.3126100e-01  -5.7766305e-01
  -1.3119405e-01  -5.7769021e-01
  -1.3112755e-01  -5.7771717e-01
  -1.3106151e-01  -5.7774395e-01
  -1.3099592e-01  -5.7777054e-01
  -1.3093079e-01  -5.7779694e-01
  -1.3086612e-01  -5.7782315e-01
  -1.3080191e-01  -5.7784918e-01
  -1.3073815e-01  -5.7787502e-01
  -1.3067484e-01  -5.7790067e-01
  -1.3061200e-01  -5.7792613e-01
  -1.3054961e-01  -5.7795141e-01
  -1.3048767e-01  -5.7797650e-01
  -1.3042619e-01  -5.7800141e-01
  -1.3036516e-01  -5.7802613e-01
  -1.3030459e-01  -5.7805066e-01
  -1.3024448e-01  -5.7807500e-01
  -1.3018482e-01  -5.7809916e-01
  -1.3012561e-01  -5.7812314e-01
  -1.3006686e-01  -5.7814693e-01
  -1.3000856e-01  -5.7817053e-01
  -1.2995072e-01  -5.7819394e-01
  -1.2989333e-01  -5.7821718e-01
  -1.2983639e-01  -5.7824022e-01
  -1.2977991e-01  -5.7826308e-01
  -1.2972388e-01  -5.7828576e-01
  -1.2966831e-01  -5.7830825e-01
  -1.2961318e-01  -5.7833055e-01
  -1.2955851e-01  -5.7835267e-01
  -1.2950430e-01  -5.7837460e-01
  -1.2945053e-01  -5.7839635e-01
  -1.2939722e-01  -5.7841792e-01
  -1.2934436e-01  -5.7843930e-01
  -1.2929195e-01  -5.7846050e-01
  -1.2924000e-01  -5.7848151e-01
  -1.2918850e-01  -5.7850234e-01
  -1.2913745e-01  -5.7852298e-01
  -1.2908685e-01  -5.7854344e-01
  -1.2903670e-01  -5.7856372e-01
  -1.2898700e-01  -5.7858381e-01
  -1.2893776e-01  -5.7860372e-01
  -1.2888896e-01  -5.7862345e-01
  -1.2884062e-01  -5.7864299e-01
  -1.2879273e-01  -5.7866234e-01
  -1.2874529e-01  -5.7868152e-01
  -1.2869830e-01  -5.7870051e-01
  -1.2865176e-01  -5.7871932e-01
  -1.2860566e-01  -5.7873794e-01
  -1.2856003e-01  -5.7875639e-01
  -1.2851484e-01  -5.7877464e-01
  -1.2847010e-01  -5.7879272e-01
  -1.2842581e-01  -5.7881061e-01
  -1.2838196e-01  -5.7882833e-01
  -1.2833857e-01  -5.7884585e-01
  -1.2829563e-01  -5.7886320e-01
  -1.2825314e-01  -5.7888036e-01
  -1.2821110e-01  -5.7889734e-01
  -1.2816950e-01  -5.7891414e-01
  -1.2812836e-01  -5.7893076e-01
  -1.2808766e-01  -5.7894719e-01
  -1.2804742e-01  -5.7896345e-01
  -1.2800762e-01  -5.7897952e-01
  -1.2796827e-01  -5.7899540e-01
  -1.2792937e-01  -5.7901111e-01
  -1.2789091e-01  -5.7902664e-01
  -1.2785291e-01  -5.7904198e-01
  -1.2781535e-01  -5.7905714e-01
  -1.2777824e-01  -5.7907212e-01
  -1.2774158e-01  -5.7908692e-01
  -1.2770537e-01  -5.7910154e-01
  -1.2766960e-01  -5.7911597e-01
  -1.2763429e-01  -5.7913023e-01
  -1.2759942e-01  -5.7914430e-01
  -1.2756499e-01  -5.7915819e-01
  -1.2753102e-01  -5.7917190e-01
  -1.2749749e-01  -5.7918543e-01
  -1.2746441e-01  -5.7919878e-01
  -1.2743177e-01  -5.7921195e-01
  -1.2739959e-01  -5.7922494e-01
  -1.2736785e-01  -5.7923774e-01
  -1.2733655e-01  -5.7925037e-01
  -1.2730570e-01  -5.7926282e-01
  -1.2727530e-01  -5.7927508e-01
  -1.2724535e-01  -5.7928716e-01
  -1.2721584e-01  -5.7929907e-01
  -1.2718678e-01  -5.7931079e-01
  -1.2715817e-01  -5.7932233e-01
  -1.2713000e-01  -5.7933370e-01
  -1.2710227e-01  -5.7934488e-01
  -1.2707500e-01  -5.7935588e-01
  -1.2704817e-01  -5.7936670e-01
  -1.2702178e-01  -5.7937734e-01
  -1.2699584e-01  -5.7938780e-01
  -1.2697035e-01  -5.7939808e-01
  -1.2694530e-01  -5.7940819e-01
  -1.2692070e-01  -5.7941811e-01
  -1.2689654e-01  -5.7942785e-01
  -1.2687283e-01  -5.7943741e-01
  -1.2684956e-01  -5.7944679e-01
  -1.2682674e-01  -5.7945599e-01
  -1.2680436e-01  -5.7946501e-01
  -1.2678243e-01  -5.7947386e-01
  -1.2676095e-01  -5.7948252e-01
  -1.2673991e-01  -5.7949100e-01
  -1.2671931e-01  -5.7949931e-01
  -1.2669916e-01  -5.7950743e-01
  -1.2667945e-01  -5.7951537e-01
  -1.2666019e-01  -5.7952314e-01
  -1.2664137e-01  -5.7953072e-01
  -1.2662300e-01  -5.7953813e-01
  -1.2660508e-01  -5.7954536e-01
  -1.2658759e-01  -5.7955240e-01
  -1.2657055e-01  -5.7955927e-01
  -1.2655396e-01  -5.7956596e-01
  -1.2653781e-01  -5.7957247e-01
  -1.2652211e-01  -5.7957880e-01
  -1.2650685e-01  -5.7958495e-01
  -1.2649203e-01  -5.7959092e-01
  -1.2647766e-01  -5.7959672e-01
  -1.2646373e-01  -5.7960233e-01
  -1.2645025e-01  -5.7960776e-01
  -1.2643721e-01  -5.7961302e-01
  -1.2642461e-01  -5.7961809e-01
  -1.2641246e-01  -5.7962299e-01
  -1.2640075e-01  -5.7962771e-01
  -1.2638949e-01  -5.7963225e-01
  -1.2637867e-01  -5.7963661e-01
  -1.2636829e-01  -5.7964079e-01
  -1.2635836e-01  -5.7964479e-01
  -1.2634887e-01  -5.7964862e-01
  -1.2633983e-01  -5.7965226e-01
  -1.2633123e-01  -5.7965573e-01
  -1.2632307e-01  -5.7965901e-01
  -1.2631536e-01  -5.7966212e-01
  -1.2630809e-01  -5.7966505e-01
  -1.2630127e-01  -5.7966780e-01
  -1.2629489e-01  -5.7967037e-01
  -1.2628895e-01  -5.7967276e-01
  -1.2628346e-01  -5.7967498e-01
  -1.2627840e-01  -5.7967701e-01
  -1.2627380e-01  -5.7967887e-01
  -1.2626963e-01  -5.7968055e-01
  -1.2626592e-01  -5.7968205e-01
  -1.2626264e-01  -5.7968337e-01
  -1.2625981e-01  -5.7968451e-01
  -1.2625742e-01  -5.7968547e-01
  -1.2625547e-01  -5.7968625e-01
  -1.2625397e-01  -5.7968686e-01
  -1.2625291e-01  -5.7968728e-01
  -1.2625230e-01  -5.7968753e-01
