   7.2710223e-01   3.9529475e-07   1.7626810e-03   3.3700143e-02   0.0000000e+00   1.7675668e+00   1.9421726e+00
   7.2922070e-01  -5.8681084e-07   1.7200014e-03   2.9283107e-02   0.0000000e+00   1.7702306e+00   1.9479850e+00
   7.3135847e-01  -1.3421806e-06   1.6693485e-03   2.4759353e-02   0.0000000e+00   1.7728750e+00   1.9537449e+00
   7.3351266e-01  -2.0153197e-06   1.6116861e-03   2.0132931e-02   0.0000000e+00   1.7754974e+00   1.9594402e+00
   7.3568448e-01  -2.7762059e-06   1.5481337e-03   1.5399080e-02   0.0000000e+00   1.7781004e+00   1.9650700e+00
   7.3787833e-01  -3.6688581e-06   1.4795867e-03   1.0545775e-02   0.0000000e+00   1.7806896e+00   1.9706415e+00
   7.4009671e-01  -4.5893875e-06   1.4067088e-03   5.5649246e-03   0.0000000e+00   1.7832676e+00   1.9761565e+00
   7.4233760e-01  -5.3993272e-06   1.3302021e-03   4.5842640e-04   0.0000000e+00   1.7858318e+00   1.9816054e+00
   7.4459732e-01  -6.0617585e-06   1.2510286e-03  -4.7678664e-03   0.0000000e+00   1.7883778e+00   1.9869747e+00
   7.4687464e-01  -6.6681136e-06   1.1703831e-03  -1.0113761e-02   0.0000000e+00   1.7909047e+00   1.9922575e+00
   7.4917281e-01  -7.3385758e-06   1.0894392e-03  -1.5589776e-02   0.0000000e+00   1.7934158e+00   1.9974572e+00
   7.5149659e-01  -8.1016963e-06   1.0091609e-03  -2.1210599e-02   0.0000000e+00   1.7959159e+00   2.0025799e+00
   7.5384704e-01  -8.8642092e-06   9.3034451e-04  -2.6982204e-02   0.0000000e+00   1.7984049e+00   2.0076229e+00
   7.5622077e-01  -9.4939588e-06   8.5374396e-04  -3.2899644e-02   0.0000000e+00   1.8008782e+00   2.0125739e+00
   7.5861396e-01  -9.9340985e-06   7.8017177e-04  -3.8956463e-02   0.0000000e+00   1.8033307e+00   2.0174203e+00
   7.6102631e-01  -1.0237584e-05   7.1050025e-04  -4.5155155e-02   0.0000000e+00   1.8057617e+00   2.0221572e+00
