   5.4052847e-01   2.2627978e-04   9.9338852e-05  -1.2737459e-01   0.0000000e+00   1.1224231e+00   9.6110274e-01
   5.4102616e-01   9.6614735e-05   4.7554392e-04  -1.2406124e-01   0.0000000e+00   1.1267376e+00   9.6623192e-01
   5.4152719e-01  -8.1840969e-05   8.5835443e-04  -1.2074373e-01   0.0000000e+00   1.1308407e+00   9.7154140e-01
   5.4202280e-01  -1.6797564e-04   9.6353188e-04  -1.1726169e-01   0.0000000e+00   1.1347616e+00   9.7676162e-01
   5.4250306e-01  -1.2265861e-04   7.7535249e-04  -1.1368936e-01   0.0000000e+00   1.1385832e+00   9.8164782e-01
   5.4298149e-01  -4.1001850e-06   4.7983335e-04  -1.1009448e-01   0.0000000e+00   1.1425000e+00   9.8632399e-01
   5.4347758e-01   9.9407747e-05   2.9585480e-04  -1.0652492e-01   0.0000000e+00   1.1466489e+00   9.9106965e-01
   5.4398817e-01   1.1549667e-04   3.5745289e-04  -1.0310715e-01   0.0000000e+00   1.1508912e+00   9.9599049e-01
   5.4451001e-01   4.4120432e-05   5.9890836e-04  -9.9795722e-02   0.0000000e+00   1.1550840e+00   1.0011372e+00
   5.4503903e-01  -4.7575224e-05   8.1749391e-04  -9.6442630e-02   0.0000000e+00   1.1591717e+00   1.0064282e+00
   5.4556702e-01  -8.7084158e-05   8.5260352e-04  -9.2973640e-02   0.0000000e+00   1.1631723e+00   1.0116606e+00
   5.4608518e-01  -5.6790400e-05   7.1488044e-04  -8.9466362e-02   0.0000000e+00   1.1671229e+00   1.0166581e+00
   5.4660407e-01   7.8960450e-06   5.3622016e-04  -8.5969884e-02   0.0000000e+00   1.1711440e+00   1.0215268e+00
   5.4714015e-01   5.6418983e-05   4.5394492e-04  -8.2496402e-02   0.0000000e+00   1.1753232e+00   1.0264958e+00
   5.4768877e-01   5.4529225e-05   5.2421543e-04  -7.9118670e-02   0.0000000e+00   1.1795382e+00   1.0316134e+00
   5.4824398e-01   1.1748424e-05   6.7305317e-04  -7.5803082e-02   0.0000000e+00   1.1836835e+00   1.0368584e+00
   5.4880246e-01  -3.1975773e-05   7.7138492e-04  -7.2457296e-02   0.0000000e+00   1.1877487e+00   1.0421501e+00
   5.4935964e-01  -4.3470266e-05   7.4868343e-04  -6.9053084e-02   0.0000000e+00   1.1917681e+00   1.0473636e+00
   5.4990937e-01  -2.1099163e-05   6.4090061e-04  -6.5664681e-02   0.0000000e+00   1.1957540e+00   1.0523990e+00
   5.5046204e-01   1.2476204e-05   5.3768235e-04  -6.2310421e-02   0.0000000e+00   1.1997855e+00   1.0573734e+00
   5.5103414e-01   3.1319586e-05   5.1032655e-04  -5.8955396e-02   0.0000000e+00   1.2039384e+00   1.0624936e+00
   5.5162126e-01   2.2756223e-05   5.6544307e-04  -5.5628732e-02   0.0000000e+00   1.2081241e+00   1.0677722e+00
   5.5221672e-01  -2.1297889e-06   6.3728952e-04  -5.2308518e-02   0.0000000e+00   1.2122739e+00   1.0731504e+00
   5.5281509e-01  -2.0646313e-05   6.5219124e-04  -4.8961438e-02   0.0000000e+00   1.2163810e+00   1.0785305e+00
   5.5340938e-01  -1.9577818e-05   5.9412992e-04  -4.5616274e-02   0.0000000e+00   1.2204458e+00   1.0837992e+00
   5.5399315e-01  -4.0800275e-06   5.0811242e-04  -4.2350320e-02   0.0000000e+00   1.2244460e+00   1.0888920e+00
   5.5457832e-01   1.1610376e-05   4.4786562e-04  -3.9145302e-02   0.0000000e+00   1.2284461e+00   1.0939453e+00
   5.5518360e-01   1.5956268e-05   4.3752191e-04  -3.5921282e-02   0.0000000e+00   1.2325369e+00   1.0991611e+00
   5.5580544e-01   7.0544450e-06   4.5850063e-04  -3.2680379e-02   0.0000000e+00   1.2366658e+00   1.1045283e+00
   5.5643726e-01  -5.8598822e-06   4.6409062e-04  -2.9415882e-02   0.0000000e+00   1.2407940e+00   1.1099719e+00
   5.5707353e-01  -1.1640846e-05   4.2402241e-04  -2.6131602e-02   0.0000000e+00   1.2449158e+00   1.1154053e+00
   5.5770689e-01  -7.0979664e-06   3.4992731e-04  -2.2878088e-02   0.0000000e+00   1.2490088e+00   1.1207432e+00
   5.5833096e-01   1.9674594e-06   2.7781249e-04  -1.9719583e-02   0.0000000e+00   1.2530305e+00   1.1259437e+00
   5.5895701e-01   7.8280013e-06   2.3135649e-04  -1.6619531e-02   0.0000000e+00   1.2570318e+00   1.1311300e+00
   5.5960124e-01   6.5653471e-06   2.0814449e-04  -1.3496040e-02   0.0000000e+00   1.2610937e+00   1.1364574e+00
   5.6025953e-01   2.3823364e-07   1.8509878e-04  -1.0349048e-02   0.0000000e+00   1.2651845e+00   1.1418891e+00
   5.6092618e-01  -5.1635318e-06   1.3852947e-04  -7.1858195e-03   0.0000000e+00   1.2692844e+00   1.1473551e+00
   5.6159686e-01  -5.4313758e-06   6.5867337e-05  -4.0265832e-03   0.0000000e+00   1.2733867e+00   1.1527974e+00
   5.6226513e-01  -1.4110542e-06  -1.4618309e-05  -9.1875055e-04   0.0000000e+00   1.2774574e+00   1.1581621e+00
   5.6292749e-01   2.7940928e-06  -8.3813212e-05   2.1056072e-03   0.0000000e+00   1.2814643e+00   1.1634384e+00
   5.6359724e-01   3.9124906e-06  -1.3879224e-04   5.1048493e-03   0.0000000e+00   1.2854724e+00   1.1687500e+00
   5.6428649e-01   1.5561696e-06  -1.9089907e-04   8.1418301e-03   0.0000000e+00   1.2895466e+00   1.1741964e+00
   5.6498901e-01  -1.7933060e-06  -2.5454696e-04   1.1200499e-02   0.0000000e+00   1.2936559e+00   1.1797159e+00
   5.6569703e-01  -3.1725171e-06  -3.3442882e-04   1.4249910e-02   0.0000000e+00   1.2977680e+00   1.1852303e+00
   5.6640484e-01  -1.8493259e-06  -4.2194275e-04   1.7257262e-02   0.0000000e+00   1.3018566e+00   1.1906896e+00
   5.6710765e-01   5.0691782e-07  -5.0483988e-04   2.0192165e-02   0.0000000e+00   1.3058893e+00   1.1960656e+00
   5.6780758e-01   1.7968123e-06  -5.7882465e-04   2.3061230e-02   0.0000000e+00   1.3098690e+00   1.2013876e+00
   5.6852045e-01   1.2051802e-06  -6.4986586e-04   2.5933632e-02   0.0000000e+00   1.3138799e+00   1.2067811e+00
   5.6925411e-01  -4.9388501e-07  -7.2661906e-04   2.8845989e-02   0.0000000e+00   1.3179675e+00   1.2122989e+00
   5.7000186e-01  -1.6872473e-06  -8.1247371e-04   3.1772427e-02   0.0000000e+00   1.3221008e+00   1.2178789e+00
   5.7075560e-01  -1.4534475e-06  -9.0308029e-04   3.4676157e-02   0.0000000e+00   1.3262400e+00   1.2234540e+00
   5.7150780e-01  -2.9201556e-07  -9.9080976e-04   3.7521705e-02   0.0000000e+00   1.3303415e+00   1.2289719e+00
   5.7225309e-01   6.2251576e-07  -1.0717843e-03   4.0287512e-02   0.0000000e+00   1.3343706e+00   1.2344024e+00
   5.7299730e-01   6.0329680e-07  -1.1486371e-03   4.2998831e-02   0.0000000e+00   1.3383558e+00   1.2397933e+00
   5.7375588e-01  -1.5758907e-07  -1.2269815e-03   4.5715396e-02   0.0000000e+00   1.3423806e+00   1.2452544e+00
   5.7453359e-01  -9.0113878e-07  -1.3094179e-03   4.8453574e-02   0.0000000e+00   1.3464732e+00   1.2508129e+00
   5.7532499e-01  -9.8712203e-07  -1.3937066e-03   5.1189811e-02   0.0000000e+00   1.3506067e+00   1.2564241e+00
   5.7612278e-01  -4.6195878e-07  -1.4754692e-03   5.3894033e-02   0.0000000e+00   1.3547414e+00   1.2620367e+00
   5.7691969e-01   9.8455153e-08  -1.5520369e-03   5.6540034e-02   0.0000000e+00   1.3588360e+00   1.2676042e+00
   5.7771305e-01   2.1867717e-07  -1.6242052e-03   5.9121243e-02   0.0000000e+00   1.3628746e+00   1.2731121e+00
   5.7851124e-01  -9.9713850e-08  -1.6949318e-03   6.1667708e-02   0.0000000e+00   1.3669007e+00   1.2786185e+00
   5.7932369e-01  -4.9539634e-07  -1.7660647e-03   6.4209330e-02   0.0000000e+00   1.3709637e+00   1.2841848e+00
   5.8015019e-01  -6.0047100e-07  -1.8366094e-03   6.6742386e-02   0.0000000e+00   1.3750630e+00   1.2898062e+00
