   5.0000000e-02  -1.8381435e+00   5.7192629e-01
   4.0000000e-02  -1.8945352e+00   5.8757921e-01
   3.6976174e-02  -1.9102947e+00   5.9191870e-01
   3.4002835e-02  -1.9252505e+00   5.9602222e-01
   3.0935615e-02  -1.9401393e+00   6.0009296e-01
   2.7757709e-02  -1.9550105e+00   6.0414445e-01
   2.4473134e-02  -1.9698098e+00   6.0816176e-01
   2.1070265e-02  -1.9845531e+00   6.1214923e-01
   1.7546801e-02  -1.9992104e+00   6.1609870e-01
   1.3900391e-02  -2.0137509e+00   6.2000203e-01
   1.0118035e-02  -2.0281822e+00   6.2386151e-01
   6.2033623e-03  -2.0424439e+00   6.2766132e-01
   2.1390937e-03  -2.0565492e+00   6.3140539e-01
  -2.0699894e-03  -2.0704286e+00   6.3507573e-01
  -6.4378078e-03  -2.0840727e+00   6.3867044e-01
  -1.0967284e-02  -2.0974305e+00   6.4217674e-01
  -1.5663173e-02  -2.1104538e+00   6.4558291e-01
  -2.0537100e-02  -2.1231077e+00   6.4888084e-01
  -2.5586077e-02  -2.1353140e+00   6.5205115e-01
  -3.0823412e-02  -2.1470310e+00   6.5508425e-01
  -3.6243392e-02  -2.1581684e+00   6.5795806e-01
  -4.1855820e-02  -2.1686665e+00   6.6065875e-01
  -4.7652366e-02  -2.1784273e+00   6.6316265e-01
  -5.0000000e-02  -2.1820727e+00   6.6409601e-01
